$ 1 0.000005 5.934295036739208 68 7 50 5e-11
w -160 -336 16 -336 0
w -160 -368 16 -368 0
w -160 -400 16 -400 0
w -160 -432 16 -432 0
w -448 -304 -320 -304 0
w -448 -64 -448 -304 0
w -448 -64 -688 -64 0
w -384 -64 -448 -64 0
w -304 -64 -384 -64 0
w -208 -64 -304 -64 0
w -128 -64 -208 -64 0
w -384 -80 -384 -64 0
w -304 -80 -304 -64 0
w -208 -80 -208 -64 0
w -128 -80 -128 -64 0
154 -112 -80 -112 -208 0 2 0 5
154 -192 -80 -192 -208 0 2 0 5
154 -288 -80 -288 -208 0 2 0 5
154 -368 -80 -368 -208 0 2 0 5
w -112 -240 -112 -208 0
w -368 -240 -368 -208 0
w -288 -240 -368 -240 0
w -256 -208 -288 -208 0
w -256 -240 -256 -208 0
w -224 -208 -192 -208 0
w -224 -240 -224 -208 0
w -192 -240 -112 -240 0
w -96 0 -96 -80 0
w -320 -432 -320 -672 0
w -400 -672 -320 -672 0
w -400 -640 -336 -640 0
w -336 -640 -336 -400 0
w -336 -400 -320 -400 0
w -320 -368 -352 -368 0
w -352 -368 -352 -608 0
w -352 -608 -400 -608 0
w -400 -576 -368 -576 0
w -368 -576 -368 -336 0
w -368 -336 -320 -336 0
157 -464 -1072 -432 -1072 0 7 0 0
207 -160 -304 -64 -304 4 Cout
. somador4bits 0 4 6 14 a0 28 0 2 a1 21 1 2 a2 2 2 2 a3 14 3 2 b0 27 3 1 b1 20 2 1 b2 1 1 1 b3 13 0 1 Cin 26 4 2 Cout 11 4 3 S0 29 0 3 S1 22 1 3 S2 5 2 3 S3 15 3 3 XorGateElm\s1\s2\s3\rXorGateElm\s3\s4\s5\rAndGateElm\s1\s2\s6\rAndGateElm\s3\s4\s7\rOrGateElm\s7\s6\s8\rOrGateElm\s9\s10\s11\rAndGateElm\s12\s8\s9\rAndGateElm\s13\s14\s10\rXorGateElm\s12\s8\s15\rXorGateElm\s13\s14\s12\rOrGateElm\s16\s17\s4\rAndGateElm\s18\s19\s16\rAndGateElm\s20\s21\s17\rXorGateElm\s18\s19\s22\rXorGateElm\s20\s21\s18\rOrGateElm\s23\s24\s19\rAndGateElm\s25\s26\s23\rAndGateElm\s27\s28\s24\rXorGateElm\s25\s26\s29\rXorGateElm\s27\s28\s25 0\\s2\\s0\\s5\s0\\s2\\s0\\s5\s0\\s2\\s0\\s5\s0\\s2\\s0\\s5\s0\\s2\\s0\\s5\s0\\s2\\s0\\s5\s0\\s2\\s0\\s5\s0\\s2\\s0\\s5\s0\\s2\\s0\\s5\s0\\s2\\s0\\s5\s0\\s2\\s0\\s5\s0\\s2\\s0\\s5\s0\\s2\\s0\\s5\s0\\s2\\s0\\s5\s0\\s2\\s0\\s5\s0\\s2\\s0\\s5\s0\\s2\\s0\\s5\s0\\s2\\s0\\s5\s0\\s2\\s0\\s5\s0\\s2\\s0\\s5
410 -320 -432 -288 -416 1 somador4bits 0\s2\s0\s5 0\s2\s0\s5 0\s2\s0\s5 0\s2\s0\s5 0\s2\s0\s5 0\s2\s0\s5 0\s2\s0\s5 0\s2\s0\s5 0\s2\s0\s5 0\s2\s0\s5 0\s2\s0\s5 0\s2\s0\s5 0\s2\s0\s5 0\s2\s0\s5 0\s2\s0\s5 0\s2\s0\s5 0\s2\s0\s5 0\s2\s0\s5 0\s2\s0\s5 0\s2\s0\s5
. decoder 0 4 7 11 A 1 0 2 B 3 1 2 C 5 2 2 D 7 3 2 E 9 4 2 F 11 5 2 G 13 6 2 S0 15 1 3 S1 17 2 3 S2 19 3 3 S3 21 4 3 InverterElm\s15\s23\rInverterElm\s17\s24\rInverterElm\s19\s25\rInverterElm\s21\s26\rAndGateElm\s30\s29\s27\s28\s1\rAndGateElm\s35\s34\s33\s29\s32\s31\s3\rAndGateElm\s35\s34\s33\s36\s5\rAndGateElm\s35\s38\s27\s37\s28\s7\rAndGateElm\s40\s37\s31\s27\s39\s28\s9\rAndGateElm\s30\s37\s39\s36\s28\s11\rAndGateElm\s33\s37\s28\s41\s13\rNandGateElm\s15\s17\s19\s21\s35\rNandGateElm\s23\s17\s19\s21\s34\rNandGateElm\s15\s24\s19\s21\s30\rNandGateElm\s23\s24\s19\s21\s33\rNandGateElm\s17\s15\s25\s21\s29\rNandGateElm\s23\s17\s25\s21\s38\rNandGateElm\s15\s24\s25\s21\s40\rNandGateElm\s26\s19\s17\s15\s37\rNandGateElm\s26\s17\s19\s23\s32\rNandGateElm\s15\s24\s19\s26\s31\rNandGateElm\s23\s24\s19\s26\s27\rNandGateElm\s15\s17\s25\s26\s39\rNandGateElm\s23\s17\s25\s26\s36\rNandGateElm\s15\s24\s25\s26\s28\rNandGateElm\s23\s24\s25\s26\s41 0\\s0.5\\s5\s0\\s0.5\\s5\s0\\s0.5\\s5\s0\\s0.5\\s5\s0\\s4\\s5\\s5\s0\\s6\\s5\\s5\s0\\s4\\s5\\s5\s0\\s5\\s5\\s5\s0\\s6\\s5\\s5\s0\\s5\\s5\\s5\s0\\s4\\s0\\s5\s0\\s4\\s5\\s5\s0\\s4\\s5\\s5\s0\\s4\\s5\\s5\s0\\s4\\s5\\s5\s0\\s4\\s5\\s5\s0\\s4\\s5\\s5\s0\\s4\\s5\\s5\s0\\s4\\s5\\s5\s0\\s4\\s5\\s5\s0\\s4\\s5\\s5\s0\\s4\\s5\\s5\s0\\s4\\s5\\s5\s0\\s4\\s5\\s5\s0\\s4\\s5\\s5\s0\\s4\\s0\\s5
410 -560 -704 -544 -672 1 decoder 0\s0.5\s5 0\s0.5\s5 0\s0.5\s5 0\s0.5\s5 0\s4\s5\s5 0\s6\s5\s5 0\s4\s5\s5 0\s5\s5\s5 0\s6\s5\s5 0\s5\s5\s5 0\s4\s0\s5 0\s4\s5\s5 0\s4\s5\s5 0\s4\s5\s5 0\s4\s5\s5 0\s4\s5\s5 0\s4\s5\s5 0\s4\s5\s5 0\s4\s5\s5 0\s4\s5\s5 0\s4\s5\s5 0\s4\s5\s5 0\s4\s5\s5 0\s4\s5\s5 0\s4\s5\s5 0\s4\s0\s5
410 -208 -704 -144 -672 1 decoder 0\s0.5\s5 0\s0.5\s5 0\s0.5\s5 0\s0.5\s5 0\s4\s5\s5 0\s6\s5\s5 0\s4\s5\s5 0\s5\s5\s5 0\s6\s5\s5 0\s5\s5\s5 0\s4\s0\s5 0\s4\s5\s5 0\s4\s5\s5 0\s4\s5\s5 0\s4\s5\s5 0\s4\s5\s5 0\s4\s5\s5 0\s4\s5\s5 0\s4\s5\s5 0\s4\s5\s5 0\s4\s5\s5 0\s4\s5\s5 0\s4\s5\s5 0\s4\s5\s5 0\s4\s5\s5 0\s4\s0\s5
157 -336 -1072 -304 -1072 1024 7 0 0
157 0 -1072 32 -1072 1024 7 0 0
w -464 -1072 -560 -1072 0
w -560 -704 -560 -1072 0
w -464 -1040 -576 -1040 0
w -576 -1040 -576 -672 0
w -576 -672 -560 -672 0
w -464 -1008 -592 -1008 0
w -592 -1008 -592 -640 0
w -592 -640 -560 -640 0
w -560 -608 -608 -608 0
w -608 -608 -608 -976 0
w -608 -976 -464 -976 0
w -400 -944 -624 -944 0
w -624 -944 -624 -576 0
w -624 -576 -560 -576 0
w -368 -944 -368 -928 0
w -368 -928 -640 -928 0
w -640 -928 -640 -544 0
w -640 -544 -560 -544 0
w -336 -944 -336 -912 0
w -336 -912 -656 -912 0
w -656 -912 -656 -512 0
w -656 -512 -560 -512 0
w -176 -1072 -96 -1072 0
w -96 -1072 -96 -736 0
w -96 -736 -208 -736 0
w -208 -736 -208 -704 0
w -176 -1040 -112 -1040 0
w -112 -1040 -112 -752 0
w -112 -752 -208 -752 0
w -208 -752 -208 -672 0
w -176 -1008 -128 -1008 0
w -128 -1008 -128 -768 0
w -128 -768 -208 -768 0
w -208 -768 -208 -640 0
w -176 -976 -144 -976 0
w -144 -976 -144 -784 0
w -144 -784 -208 -784 0
w -208 -784 -208 -608 0
w -240 -944 -240 -576 0
w -240 -576 -208 -576 0
w -272 -944 -272 -544 0
w -272 -544 -208 -544 0
w -304 -944 -304 -512 0
w -208 -512 -304 -512 0
207 -400 -672 -400 -704 5 A0
207 -400 -640 -400 -656 5 A1
207 -400 -608 -400 -624 5 A2
207 -400 -576 -400 -592 5 A3
207 -48 -672 -48 -704 5 B0
207 -48 -640 -48 -656 5 B1
207 -48 -608 -48 -624 5 B2
207 -48 -576 -48 -592 5 B3
w 176 -1072 160 -1072 0
w 160 -1040 176 -1040 0
w 160 -1008 176 -1008 0
w 160 -976 176 -976 0
w 176 -976 256 -976 0
w 176 -1008 240 -1008 0
w 176 -1040 224 -1040 0
w 176 -1072 208 -1072 0
w 96 -944 272 -944 0
w 272 -944 272 -336 0
w 272 -336 176 -336 0
w 64 -944 64 -928 0
w 64 -928 288 -928 0
w 288 -928 288 -304 0
w 288 -304 176 -304 0
w 32 -944 32 -912 0
w 32 -912 304 -912 0
w 304 -912 304 -272 0
w 304 -272 176 -272 0
. decoder\sy\s 0 4 7 11 A 30 0 3 B 29 1 3 C 28 2 3 D 27 3 3 E 26 4 3 F 25 5 3 G 24 6 3 S0 6 1 2 S1 8 2 2 S2 11 3 2 S3 16 4 2 NandGateElm\s2\s3\s4\s1\s5\rNandGateElm\s6\s3\s4\s1\s7\rNandGateElm\s2\s8\s4\s1\s9\rNandGateElm\s6\s8\s4\s1\s10\rNandGateElm\s2\s3\s11\s1\s12\rNandGateElm\s6\s3\s11\s1\s13\rNandGateElm\s1\s8\s11\s2\s14\rNandGateElm\s1\s11\s8\s6\s15\rNandGateElm\s6\s3\s4\s16\s17\rNandGateElm\s2\s8\s4\s16\s18\rNandGateElm\s8\s6\s4\s16\s19\rNandGateElm\s2\s3\s11\s16\s20\rNandGateElm\s6\s3\s11\s16\s21\rNandGateElm\s2\s8\s11\s16\s22\rNandGateElm\s6\s8\s11\s16\s23\rAndGateElm\s20\s15\s7\s5\s24\rAndGateElm\s21\s15\s10\s9\s7\s25\rAndGateElm\s17\s15\s13\s12\s10\s7\s26\rAndGateElm\s23\s18\s12\s15\s7\s27\rAndGateElm\s23\s22\s20\s9\s28\rAndGateElm\s23\s22\s20\s19\s14\s13\s29\rAndGateElm\s21\s19\s12\s7\s30\rInverterElm\s16\s1\rInverterElm\s11\s4\rInverterElm\s8\s3\rInverterElm\s6\s2 0\\s4\\s0\\s5\s0\\s4\\s5\\s5\s0\\s4\\s5\\s5\s0\\s4\\s5\\s5\s0\\s4\\s5\\s5\s0\\s4\\s5\\s5\s0\\s4\\s5\\s5\s0\\s4\\s5\\s5\s0\\s4\\s5\\s5\s0\\s4\\s5\\s5\s0\\s4\\s5\\s5\s0\\s4\\s5\\s5\s0\\s4\\s5\\s5\s0\\s4\\s5\\s5\s0\\s4\\s5\\s5\s0\\s4\\s0\\s5\s0\\s5\\s5\\s5\s0\\s6\\s5\\s5\s0\\s5\\s5\\s5\s0\\s4\\s5\\s5\s0\\s6\\s5\\s5\s0\\s4\\s5\\s5\s0\\s0.5\\s5\s0\\s0.5\\s5\s0\\s0.5\\s5\s0\\s0.5\\s5
410 16 -464 80 -432 1 decoder\sy\s 0\s4\s0\s5 0\s4\s5\s5 0\s4\s5\s5 0\s4\s5\s5 0\s4\s5\s5 0\s4\s5\s5 0\s4\s5\s5 0\s4\s5\s5 0\s4\s5\s5 0\s4\s5\s5 0\s4\s5\s5 0\s4\s5\s5 0\s4\s5\s5 0\s4\s5\s5 0\s4\s5\s5 0\s4\s0\s5 0\s5\s5\s5 0\s6\s5\s5 0\s5\s5\s5 0\s4\s5\s5 0\s6\s5\s5 0\s4\s5\s5 0\s0.5\s5 0\s0.5\s5 0\s0.5\s5 0\s0.5\s5
w -96 0 512 0 0
w 512 0 496 -672 0
w 496 -672 -48 -672 0
w -48 -640 480 -640 0
w 480 -640 496 -16 0
w 496 -16 -176 -16 0
w -176 -80 -176 -16 0
w -272 -80 -272 -32 0
w -48 -608 464 -608 0
w 464 -608 480 -32 0
w 480 -32 -272 -32 0
w -352 -80 -352 -48 0
w -48 -576 448 -576 0
w 448 -576 464 -48 0
w 464 -48 -352 -48 0
207 -416 -1264 -416 -1280 5 A3
207 -416 -1232 -416 -1248 5 A2
207 -416 -1200 -416 -1216 5 A1
207 -416 -1168 -416 -1184 5 A0
207 -192 -1264 -192 -1280 5 B3
207 -192 -1232 -192 -1248 5 B2
207 -192 -1200 -192 -1216 5 B1
207 -192 -1168 -192 -1184 5 B0
L -416 -1168 -368 -1168 0 0 false 5 0
L -416 -1200 -368 -1200 0 0 false 5 0
L -416 -1232 -368 -1232 0 0 false 5 0
L -416 -1264 -368 -1264 0 0 false 5 0
L -192 -1264 -240 -1264 0 0 false 5 0
L -192 -1232 -240 -1232 0 0 false 5 0
L -192 -1200 -240 -1200 0 0 false 5 0
L -192 -1168 -240 -1168 0 0 false 5 0
207 -688 -64 -688 -112 4 L
207 -304 -1376 -304 -1424 4 L
L -304 -1376 -304 -1328 0 0 false 5 0
w 176 -368 256 -368 0
w 256 -368 256 -976 0
w 176 -400 240 -400 0
w 240 -400 240 -1008 0
w 224 -1040 224 -432 0
w 176 -432 224 -432 0
w 208 -1072 208 -464 0
w 176 -464 208 -464 0
