$ 1 0.000005 10.634267539816555 50 5 50 5e-11
151 144 0 240 0 0 2 0 5
151 144 112 240 112 0 2 5 5
w 144 80 144 96 0
w 144 16 144 32 0
w 240 80 240 112 0
w 240 80 144 32 0
w 240 0 240 32 0
w 240 32 144 80 0
151 32 -16 144 -16 0 2 5 5
151 32 128 144 128 0 2 0 5
w 32 0 32 112 0
w 32 112 32 192 0
151 -96 0 0 0 0 2 0 5
151 -96 112 0 112 0 2 5 5
w 32 -32 0 -32 0
w 0 -32 0 0 0
w 0 112 0 144 0
w 0 144 32 144 0
w -96 16 -96 32 0
w -96 96 -96 80 0
w 0 80 0 112 0
w 0 80 -96 32 0
w 0 32 0 0 0
w 0 32 -96 80 0
151 -208 -16 -96 -16 0 3 5 5
I -224 192 32 192 0 0.5 5
w -256 -32 -208 -32 0
R -224 192 -256 192 1 2 120 2.5 2.5 0 0.5
151 -208 128 -96 128 0 3 5 5
w 144 16 144 -80 0
w 144 -80 -208 -80 0
w -208 -80 -208 -16 0
w -224 192 -224 112 0
w -224 112 -208 112 0
w -208 0 -224 0 0
w -224 0 -224 112 0
w -256 144 -208 144 0
w 144 96 144 224 0
w 144 224 -208 224 0
w -208 224 -208 128 0
w 352 192 352 96 0
w 704 192 352 192 0
w 704 64 704 192 0
w 304 112 352 112 0
w 336 -32 336 80 0
w 352 -32 336 -32 0
w 336 80 352 80 0
w 336 160 336 80 0
w 352 -112 352 -48 0
w 704 -112 352 -112 0
w 704 -16 704 -112 0
151 352 96 464 96 0 3 5 5
w 304 -64 352 -64 0
I 336 160 592 160 0 0.5 5
151 352 -48 464 -48 0 3 5 5
w 560 0 464 48 0
w 560 0 560 -32 0
w 560 48 464 0 0
w 560 48 560 80 0
w 464 64 464 48 0
w 464 -16 464 0 0
w 560 112 592 112 0
w 560 80 560 112 0
w 560 -64 560 -32 0
w 592 -64 560 -64 0
151 464 80 560 80 0 2 0 5
151 464 -32 560 -32 0 2 5 5
w 592 80 592 160 0
w 592 -32 592 80 0
151 592 96 704 96 0 2 5 5
151 592 -48 704 -48 0 2 0 5
w 800 0 704 48 0
w 800 -32 800 0 0
w 800 48 704 0 0
w 800 48 800 80 0
w 704 -16 704 0 0
w 704 48 704 64 0
151 704 80 800 80 0 2 0 5
151 704 -32 800 -32 0 2 5 5
w 336 160 272 160 0
w 272 160 272 0 0
w 272 0 240 0 0
w 240 0 240 -160 0
w 240 -160 2064 -176 0
w 800 -32 800 -208 0
w 800 -208 2064 -208 0
w 912 176 912 80 0
w 1264 176 912 176 0
w 1264 48 1264 176 0
w 864 96 912 96 0
w 896 -48 896 64 0
w 912 -48 896 -48 0
w 896 64 912 64 0
w 896 144 896 64 0
w 912 -128 912 -64 0
w 1264 -128 912 -128 0
w 1264 -32 1264 -128 0
151 912 80 1024 80 0 3 0 5
w 864 -80 912 -80 0
I 896 144 1152 144 0 0.5 5
151 912 -64 1024 -64 0 3 5 5
w 1120 -16 1024 32 0
w 1120 -16 1120 -48 0
w 1120 32 1024 -16 0
w 1120 32 1120 64 0
w 1024 48 1024 32 0
w 1024 -32 1024 -16 0
w 1120 96 1152 96 0
w 1120 64 1120 96 0
w 1120 -80 1120 -48 0
w 1152 -80 1120 -80 0
151 1024 64 1120 64 0 2 5 5
151 1024 -48 1120 -48 0 2 0 5
w 1152 64 1152 144 0
w 1152 -48 1152 64 0
151 1152 80 1264 80 0 2 5 5
151 1152 -64 1264 -64 0 2 5 5
w 1360 -16 1264 32 0
w 1360 -48 1360 -16 0
w 1360 32 1264 -16 0
w 1360 32 1360 64 0
w 1264 -32 1264 -16 0
w 1264 32 1264 48 0
151 1264 64 1360 64 0 2 0 5
151 1264 -48 1360 -48 0 2 5 5
w 800 -32 832 -32 0
w 832 -32 832 144 0
w -256 -32 -256 144 0
w 896 144 832 144 0
w 304 -64 304 112 0
w 864 -80 864 96 0
w 1360 -48 1360 -240 0
w 1360 -240 2064 -240 0
w 1920 -64 1920 -272 0
w 1424 -96 1424 80 0
w 1456 128 1392 128 0
w 1392 -48 1392 128 0
w 1360 -48 1392 -48 0
151 1824 -64 1920 -64 0 2 5 5
151 1824 48 1920 48 0 2 0 5
w 1824 16 1824 32 0
w 1824 -48 1824 -32 0
w 1920 16 1920 48 0
w 1920 16 1824 -32 0
w 1920 -64 1920 -32 0
w 1920 -32 1824 16 0
151 1712 -80 1824 -80 0 2 5 5
151 1712 64 1824 64 0 2 5 5
w 1712 -64 1712 48 0
w 1712 48 1712 128 0
151 1584 -64 1680 -64 0 2 0 5
151 1584 48 1680 48 0 2 5 5
w 1712 -96 1680 -96 0
w 1680 -96 1680 -64 0
w 1680 48 1680 80 0
w 1680 80 1712 80 0
w 1584 -48 1584 -32 0
w 1584 32 1584 16 0
w 1680 16 1680 48 0
w 1680 16 1584 -32 0
w 1680 -32 1680 -64 0
w 1680 -32 1584 16 0
151 1472 -80 1584 -80 0 3 5 5
I 1456 128 1712 128 0 0.5 5
w 1424 -96 1472 -96 0
151 1472 64 1584 64 0 3 0 5
w 1824 -48 1824 -144 0
w 1824 -144 1472 -144 0
w 1472 -144 1472 -80 0
w 1456 128 1456 48 0
w 1456 48 1472 48 0
w 1472 -64 1456 -64 0
w 1456 -64 1456 48 0
w 1424 80 1472 80 0
w 1824 32 1824 160 0
w 1824 160 1472 160 0
w 1472 160 1472 64 0
w 1920 -272 2064 -272 0
w -256 144 -256 288 0
w 304 112 304 288 0
w 864 96 864 288 0
w 1424 80 1424 288 0
w -256 288 304 288 0
w 864 288 1424 288 0
w 304 288 864 288 0
L -256 288 -336 288 0 1 false 5 0
o 27 64 0 4102 5 0.00009765625 0 2 27 3 clk
