$ 1 0.000005 10.20027730826997 50 5 43 5e-11
w 624 592 512 592 0
w 624 512 624 592 0
w 752 592 624 592 0
w 752 512 752 592 0
w 864 592 752 592 0
w 864 512 864 592 0
w 992 592 864 592 0
w 992 512 992 592 0
w 1024 576 1024 512 0
w 896 576 1024 576 0
w 896 576 896 512 0
w 784 576 896 576 0
w 784 576 784 512 0
w 656 576 784 576 0
w 656 576 656 512 0
w 544 576 656 576 0
w 688 560 576 560 0
w 688 512 688 560 0
w 816 560 688 560 0
w 816 512 816 560 0
w 928 560 816 560 0
w 928 512 928 560 0
w 1056 560 928 560 0
w 1056 512 1056 560 0
w 1088 512 1088 544 0
w 960 544 1088 544 0
w 848 544 960 544 0
w 960 512 960 544 0
w 848 544 848 512 0
w 720 544 848 544 0
w 720 544 720 512 0
w 608 544 720 544 0
w 608 512 608 544 0
w 480 544 608 544 0
w 576 512 576 560 0
w 448 560 576 560 0
w 544 512 544 576 0
w 416 576 544 576 0
w 512 512 512 592 0
w 384 592 512 592 0
w 480 512 480 544 0
w 352 544 480 544 0
w 448 512 448 560 0
w 320 560 448 560 0
w 416 512 416 576 0
w 288 576 416 576 0
w 384 512 384 592 0
w 256 592 384 592 0
w 1088 448 1088 512 0
w 1056 448 1056 512 0
w 1024 448 1024 512 0
w 992 448 1008 448 0
w 992 448 992 512 0
150 1040 448 1040 368 0 4 0 5
w 1072 448 1088 448 0
w 944 448 960 448 0
150 912 448 912 368 0 4 0 5
I 960 512 960 448 0 0.5 5
w 864 448 864 512 0
w 864 448 880 448 0
w 896 448 896 512 0
w 928 448 928 512 0
w 848 448 848 512 0
w 784 448 784 512 0
w 752 448 768 448 0
w 752 448 752 512 0
I 816 512 816 448 0 0.5 5
150 800 448 800 368 0 4 0 5
w 832 448 848 448 0
I 720 512 720 448 0 0.5 5
w 704 448 720 448 0
150 672 448 672 368 0 4 0 5
I 688 512 688 448 0 0.5 5
w 624 448 624 512 0
w 624 448 640 448 0
w 656 448 656 512 0
w 608 448 608 512 0
w 576 448 576 512 0
w 512 448 528 448 0
w 512 448 512 512 0
I 544 512 544 448 0 0.5 5
150 560 448 560 368 0 4 0 5
w 592 448 608 448 0
I 480 512 480 448 0 0.5 5
w 464 448 480 448 0
150 432 448 432 368 0 4 0 5
I 416 512 416 448 0 0.5 5
w 384 448 384 512 0
w 384 448 400 448 0
w 448 448 448 512 0
w -48 624 -48 544 0
w -64 624 -48 624 0
w -64 688 -64 624 0
w -80 560 -80 688 0
w -112 624 -112 576 0
w -96 624 -112 624 0
w -96 688 -96 624 0
w -112 640 -112 688 0
w -144 640 -112 640 0
w -144 592 -144 640 0
w 128 592 256 592 0
w 256 512 256 592 0
w 288 512 288 576 0
w 160 576 288 576 0
w 192 560 320 560 0
w 320 512 320 560 0
w 352 512 352 544 0
w 224 544 352 544 0
w 224 512 224 544 0
w 96 544 224 544 0
w 192 512 192 560 0
w 64 560 192 560 0
w 160 512 160 576 0
w 32 576 160 576 0
w 128 512 128 592 0
w 0 592 128 592 0
w 0 512 0 592 0
w -144 592 0 592 0
w 32 512 32 576 0
w -112 576 32 576 0
w -80 560 64 560 0
w 64 512 64 560 0
w 96 512 96 544 0
w -48 544 96 544 0
w -272 592 -144 592 0
w -144 512 -144 592 0
w -112 512 -112 576 0
w -240 576 -112 576 0
w -208 560 -80 560 0
w -80 512 -80 560 0
w -48 512 -48 544 0
w -176 544 -48 544 0
w -416 592 -272 592 0
w -272 512 -272 592 0
w -384 576 -240 576 0
w -240 512 -240 576 0
w -352 560 -208 560 0
w -208 512 -208 560 0
w -176 512 -176 544 0
w -320 544 -176 544 0
w 352 448 352 512 0
w 256 448 272 448 0
w 256 448 256 512 0
I 288 512 288 448 0 0.5 5
150 304 448 304 368 0 4 0 5
w 336 448 352 448 0
I 320 512 320 448 0 0.5 5
I 224 512 224 448 0 0.5 5
I 192 512 192 448 0 0.5 5
w 208 448 224 448 0
150 176 448 176 368 0 4 0 5
I 160 512 160 448 0 0.5 5
w 128 448 128 512 0
w 128 448 144 448 0
w 96 448 96 512 0
w 64 448 64 512 0
w 0 448 16 448 0
w 32 448 32 512 0
I 0 512 0 448 0 0.5 5
150 48 448 48 368 0 4 0 5
w 80 448 96 448 0
w -64 448 -48 448 0
150 -96 448 -96 368 0 4 0 5
I -144 512 -144 448 0 0.5 5
I -48 512 -48 448 0 0.5 5
w -112 448 -112 512 0
w -144 448 -128 448 0
w -80 448 -80 512 0
w -176 448 -176 512 0
w -272 448 -256 448 0
w -240 448 -240 512 0
I -208 512 -208 448 0 0.5 5
I -272 512 -272 448 0 0.5 5
150 -224 448 -224 368 0 4 0 5
w -192 448 -176 448 0
w -320 512 -320 544 0
w -464 544 -320 544 0
w -352 512 -352 560 0
w -480 560 -352 560 0
w -384 512 -384 576 0
w -512 576 -384 576 0
w -416 512 -416 592 0
w -544 592 -416 592 0
I -320 512 -320 448 0 0.5 5
w -336 448 -320 448 0
150 -368 448 -368 368 0 4 0 5
I -416 512 -416 448 0 0.5 5
I -352 512 -352 448 0 0.5 5
w -384 448 -384 512 0
w -416 448 -400 448 0
w -464 496 -464 544 0
w -608 544 -464 544 0
w -480 496 -480 560 0
w -640 560 -480 560 0
w -512 496 -512 576 0
w -672 576 -512 576 0
w -704 592 -544 592 0
w -544 496 -544 592 0
w -544 432 -528 432 0
w -480 432 -480 496 0
I -512 496 -512 432 0 0.5 5
I -544 496 -544 432 0 0.5 5
150 -496 432 -496 352 0 4 0 5
w -464 432 -464 496 0
w -608 496 -608 544 0
w -768 544 -608 544 0
w -784 560 -640 560 0
w -672 496 -672 576 0
w -816 576 -672 576 0
w -848 592 -704 592 0
w -704 496 -704 592 0
w -624 432 -608 432 0
150 -656 432 -656 352 0 4 0 5
I -704 496 -704 432 0 0.5 5
I -672 496 -672 432 0 0.5 5
I -608 496 -608 432 0 0.5 5
w -640 432 -640 560 0
w -704 432 -688 432 0
w -768 496 -768 544 0
w -912 544 -768 544 0
w -784 496 -784 560 0
w -944 560 -784 560 0
w -816 496 -816 576 0
w -976 576 -816 576 0
w -848 496 -848 592 0
w -848 432 -832 432 0
w -768 432 -768 496 0
I -784 496 -784 432 0 0.5 5
I -816 496 -816 432 0 0.5 5
I -848 496 -848 432 0 0.5 5
w -912 496 -912 544 0
w -944 496 -944 560 0
w -976 496 -976 576 0
w -848 592 -1008 592 0
w -1008 496 -1008 592 0
I -912 496 -912 432 0 0.5 5
w -912 432 -928 432 0
I -944 496 -944 432 0 0.5 5
I -976 496 -976 432 0 0.5 5
w -1008 432 -992 432 0
I -1008 496 -1008 432 0 0.5 5
150 -800 432 -800 352 0 4 0 5
150 -960 432 -960 352 0 4 5 5
152 -1024 160 -1120 160 0 12 5 5
152 -1024 -64 -1120 -64 0 13 5 5
w -960 352 -960 336 0
w -960 336 -960 256 0
w -1024 256 -960 256 0
w -1024 240 -656 240 0
w -656 352 -656 240 0
w -1024 224 -496 224 0
w -496 352 -496 224 0
w -224 368 -224 208 0
w -1024 208 -224 208 0
w -1024 192 -96 192 0
w -96 368 -96 192 0
w 48 368 48 176 0
w -1024 176 48 176 0
w 176 368 176 144 0
w -1024 144 176 144 0
w -1024 128 304 128 0
w 304 368 304 128 0
w 432 368 432 112 0
w -1024 112 432 112 0
w -1024 96 672 96 0
w 672 368 672 96 0
w 800 368 800 80 0
w -1024 80 800 80 0
w -1024 64 1040 64 0
w 1040 368 1040 64 0
w -960 256 -960 32 0
w -1024 32 -960 32 0
w -1024 16 -800 16 0
w -800 352 -800 16 0
w -1024 0 -656 0 0
w -656 240 -656 0 0
w -1024 -16 -496 -16 0
w -496 224 -496 -16 0
w -368 368 -368 -32 0
w -1024 -32 -368 -32 0
w 48 176 48 -48 0
w -1024 -48 48 -48 0
w 176 144 176 -64 0
w -1024 -64 176 -64 0
w 304 128 304 -80 0
w -1024 -80 304 -80 0
w 432 112 432 -96 0
w -1024 -96 432 -96 0
w -1024 -112 560 -112 0
w 560 368 560 -112 0
w -1024 -128 672 -128 0
w 672 96 672 -128 0
w -1024 -144 800 -144 0
w 800 80 800 -144 0
w -1024 -160 912 -160 0
w 912 368 912 -160 0
152 -1024 -304 -1120 -304 0 14 5 5
w -960 32 -960 -192 0
w -1024 -192 -960 -192 0
w -1024 -208 -800 -208 0
w -800 16 -800 -208 0
w -496 -16 -496 -224 0
w -1024 -224 -496 -224 0
w -368 -32 -368 -240 0
w -1024 -240 -368 -240 0
w -1024 -256 -224 -256 0
w -224 208 -224 -256 0
w -96 192 -96 -272 0
w -1024 -272 -96 -272 0
w -1024 -288 48 -288 0
w 48 -48 48 -288 0
w -1024 -320 176 -320 0
w 176 -64 176 -320 0
w 304 -80 304 -336 0
w 304 -336 -1024 -336 0
w 432 -96 432 -352 0
w 432 -352 -1024 -352 0
w 560 -112 560 -368 0
w -1024 -368 560 -368 0
w 800 -144 800 -384 0
w -1024 -384 800 -384 0
w -1024 -400 912 -400 0
w 912 -160 912 -400 0
w 1040 64 1040 -416 0
w -1024 -416 1040 -416 0
152 -1024 -528 -1120 -528 0 11 5 5
w -960 -192 -960 -448 0
w -1024 -448 -960 -448 0
w -656 0 -656 -464 0
w -1024 -464 -656 -464 0
w -496 -224 -496 -480 0
w -1024 -480 -496 -480 0
w -224 -256 -224 -496 0
w -1024 -496 -224 -496 0
w -96 -272 -96 -512 0
w -1024 -512 -96 -512 0
w 176 -320 176 -528 0
w -1024 -528 176 -528 0
w 304 -336 304 -544 0
w 304 -544 -1024 -544 0
w 432 -352 432 -560 0
w 432 -560 -1024 -560 0
w 672 -128 672 -576 0
w -1024 -576 672 -576 0
w 800 -384 800 -592 0
w -1024 -592 800 -592 0
w 1040 -416 1040 -608 0
w -1024 -608 1040 -608 0
152 -1024 -688 -1120 -688 0 6 5 5
w -960 -448 -960 -640 0
w -1024 -640 -960 -640 0
w -656 -464 -656 -656 0
w -1024 -656 -656 -656 0
w -96 -512 -96 -672 0
w -1024 -672 -96 -672 0
w 176 -528 176 -704 0
w -1024 -704 176 -704 0
w 432 -560 432 -720 0
w -1024 -720 432 -720 0
w 672 -576 672 -736 0
w -1024 -736 672 -736 0
152 -1024 -832 -1120 -832 0 9 5 5
w -960 -640 -960 -768 0
w -1024 -768 -960 -768 0
w -368 -240 -368 -784 0
w -1024 -784 -368 -784 0
w -224 -496 -224 -800 0
w -1024 -800 -224 -800 0
w -1024 -816 -96 -816 0
w -96 -672 -96 -816 0
w 176 -704 176 -832 0
w -1024 -832 176 -832 0
w 304 -544 304 -848 0
w -1024 -848 304 -848 0
w 432 -720 432 -864 0
w -1024 -864 432 -864 0
w 912 -400 912 -880 0
w -1024 -880 912 -880 0
w -1024 -896 1040 -896 0
w 1040 -608 1040 -896 0
152 -1024 -1008 -1120 -1008 0 11 0 5
w -656 -656 -656 -928 0
w -1024 -928 -656 -928 0
w -1024 -944 -496 -944 0
w -496 -480 -496 -944 0
w -1024 -960 -368 -960 0
w -368 -784 -368 -960 0
w -1024 -976 -224 -976 0
w -224 -800 -224 -976 0
w -96 -816 -96 -992 0
w -1024 -992 -96 -992 0
w 176 -832 176 -1008 0
w -1024 -1008 176 -1008 0
w 304 -848 304 -1024 0
w -1024 -1024 304 -1024 0
w 672 -736 672 -1040 0
w -1024 -1040 672 -1040 0
w -1024 -1056 800 -1056 0
w 800 -592 800 -1056 0
w -1024 -1072 912 -1072 0
w 912 -880 912 -1072 0
w -1024 -1088 1040 -1088 0
w 1040 -896 1040 -1088 0
207 -64 688 -64 720 4 I0
207 -80 688 -80 720 4 I1
207 -112 688 -112 720 4 I3
207 -96 688 -96 720 4 I2
207 -1200 176 -1248 176 4 A0
207 -1200 -48 -1248 -48 4 B0
207 -1200 -288 -1248 -288 4 C0
207 -1200 -512 -1248 -512 4 D0
207 -1200 -672 -1248 -672 4 E0
207 -1200 -816 -1248 -816 4 F0
207 -1200 -992 -1248 -992 4 G0
152 -1024 -1296 -1120 -1296 0 10 5 5
w -960 -768 -960 -1216 0
w -1024 -1216 -960 -1216 0
w -800 -208 -800 -1232 0
w -1024 -1232 -800 -1232 0
w -656 -928 -656 -1248 0
w -1024 -1248 -656 -1248 0
w -496 -944 -496 -1264 0
w -1024 -1264 -496 -1264 0
w -1024 -1280 -368 -1280 0
w -368 -960 -368 -1280 0
w -1024 -1312 -224 -1312 0
w -224 -976 -224 -1312 0
w -96 -992 -96 -1328 0
w -1024 -1328 -96 -1328 0
w -1024 -1344 48 -1344 0
w 48 -288 48 -1344 0
w -1024 -1360 176 -1360 0
w 176 -1008 176 -1360 0
w -1024 -1376 304 -1376 0
w 304 -1024 304 -1376 0
w -1120 -1296 -1184 -1296 0
w -1264 -1328 -1168 -1328 0
w -1264 -1360 -1168 -1360 0
I -1184 -1504 -1296 -1504 0 0.5 5
w -1168 -1360 -1168 -1328 0
w -1168 -1328 -1152 -1328 0
207 -1152 -1328 -1120 -1328 4 Vcc
w -1184 -1296 -1296 -1296 0
w -1264 -1392 -1184 -1392 0
w -1264 -1424 -1184 -1424 0
w -1264 -1456 -1184 -1456 0
w -1184 -1504 -1168 -1504 0
w -1168 -1504 -1168 -1360 0
w -1184 -1296 -1184 -1392 0
w -1184 -1392 -1184 -1424 0
w -1184 -1424 -1184 -1456 0
207 -1488 -1024 -1520 -1024 4 A1
207 -1504 -1120 -1536 -1120 4 B1
207 -1488 -1216 -1520 -1216 4 C1
207 -1488 -1312 -1520 -1312 4 D1
207 -1488 -1392 -1520 -1392 4 E1
207 -1488 -1472 -1520 -1472 4 F1
207 -1392 -1552 -1424 -1552 4 G1
r -1296 -1360 -1264 -1360 0 100
r -1296 -1392 -1264 -1392 0 100
r -1296 -1424 -1264 -1424 0 100
r -1296 -1456 -1264 -1456 0 100
r -1296 -1328 -1264 -1328 0 100
150 -1120 -992 -1200 -992 0 2 0 5
207 -1120 -976 -1120 -944 4 Bc
207 -1120 -800 -1120 -768 4 Bc
150 -1120 -816 -1200 -816 0 2 0 5
207 -1120 -656 -1120 -624 4 Bc
150 -1120 -672 -1200 -672 0 2 0 5
207 -1120 -496 -1120 -464 4 Bc
150 -1120 -512 -1200 -512 0 2 0 5
207 -1120 -272 -1120 -240 4 Bc
150 -1120 -288 -1200 -288 0 2 0 5
207 -1120 -32 -1120 0 4 Bc
150 -1120 -48 -1200 -48 0 2 0 5
207 -1120 192 -1120 224 4 Bc
150 -1120 176 -1200 176 0 2 0 5
207 -1312 -1568 -1312 -1600 4 Bc
150 -1312 -1552 -1392 -1552 0 2 0 5
w -1296 -1504 -1296 -1536 0
w -1296 -1536 -1312 -1536 0
207 -1408 -1456 -1408 -1424 4 Bc
150 -1408 -1472 -1488 -1472 0 2 0 5
w -1408 -1488 -1312 -1488 0
w -1312 -1488 -1312 -1456 0
w -1312 -1456 -1296 -1456 0
207 -1408 -1376 -1408 -1344 4 Bc
150 -1408 -1392 -1488 -1392 0 2 0 5
w -1408 -1408 -1312 -1408 0
w -1312 -1408 -1312 -1424 0
w -1312 -1424 -1296 -1424 0
207 -1408 -1296 -1408 -1264 4 Bc
150 -1408 -1312 -1488 -1312 0 2 0 5
w -1408 -1328 -1376 -1328 0
w -1376 -1328 -1376 -1392 0
w -1376 -1392 -1296 -1392 0
207 -1408 -1200 -1408 -1168 4 Bc
150 -1408 -1216 -1488 -1216 0 2 0 5
w -1408 -1232 -1360 -1232 0
w -1296 -1360 -1360 -1360 0
w -1360 -1360 -1360 -1232 0
207 -1424 -1104 -1424 -1072 4 Bc
150 -1424 -1120 -1504 -1120 0 2 0 5
w -1424 -1136 -1344 -1136 0
w -1296 -1328 -1344 -1328 0
w -1344 -1328 -1344 -1136 0
w -1296 -1296 -1296 -1040 0
w -1296 -1040 -1408 -1040 0
207 -1408 -1008 -1408 -976 4 Bc
150 -1408 -1024 -1488 -1024 0 2 0 5
x 173 413 186 416 4 24 8
x -228 417 -199 420 4 24 '11
. decoder\s2\sdisplay 0 6 8 20 A0 64 0 2 A1 82 0 3 B0 66 1 2 B1 84 1 3 Bc 101 0 1 C0 68 2 2 C1 86 2 3 D0 70 3 2 D1 88 3 3 E0 72 4 2 E1 90 4 3 F0 74 5 2 F1 92 5 3 G0 76 6 2 G1 94 6 3 I0 4 1 1 I1 3 2 1 I2 2 3 1 I3 1 4 1 Vcc 79 5 1 AndGateElm\s4\s3\s2\s1\s5\rAndGateElm\s6\s3\s2\s1\s7\rInverterElm\s4\s6\rInverterElm\s3\s8\rAndGateElm\s4\s8\s2\s1\s9\rInverterElm\s4\s10\rAndGateElm\s10\s11\s2\s1\s12\rInverterElm\s3\s11\rInverterElm\s2\s13\rAndGateElm\s4\s3\s13\s1\s14\rInverterElm\s4\s15\rAndGateElm\s15\s3\s16\s1\s17\rInverterElm\s2\s16\rInverterElm\s2\s18\rAndGateElm\s4\s19\s18\s1\s20\rInverterElm\s3\s19\rInverterElm\s4\s21\rInverterElm\s3\s22\rAndGateElm\s21\s22\s23\s1\s24\rInverterElm\s2\s23\rInverterElm\s1\s25\rAndGateElm\s4\s3\s2\s25\s26\rAndGateElm\s27\s3\s2\s28\s29\rInverterElm\s1\s28\rInverterElm\s4\s27\rInverterElm\s3\s31\rInverterElm\s1\s30\rAndGateElm\s4\s31\s2\s30\s32\rInverterElm\s4\s33\rAndGateElm\s33\s34\s2\s35\s36\rInverterElm\s1\s35\rInverterElm\s3\s34\rInverterElm\s2\s38\rInverterElm\s1\s37\rAndGateElm\s4\s3\s38\s37\s39\rAndGateElm\s40\s3\s41\s42\s43\rInverterElm\s1\s42\rInverterElm\s2\s41\rInverterElm\s4\s40\rInverterElm\s3\s45\rInverterElm\s2\s46\rInverterElm\s1\s44\rInverterElm\s4\s47\rInverterElm\s3\s48\rInverterElm\s2\s49\rInverterElm\s1\s50\rAndGateElm\s4\s45\s46\s44\s51\rAndGateElm\s47\s48\s49\s50\s52\rOrGateElm\s5\s9\s12\s17\s20\s24\s26\s29\s32\s39\s43\s52\s53\rOrGateElm\s7\s9\s12\s14\s17\s20\s24\s26\s36\s39\s43\s51\s52\s54\rOrGateElm\s5\s7\s9\s14\s17\s20\s24\s26\s29\s32\s36\s39\s51\s52\s55\rOrGateElm\s5\s9\s12\s17\s20\s24\s29\s32\s39\s43\s52\s56\rOrGateElm\s12\s17\s24\s29\s43\s52\s57\rOrGateElm\s5\s7\s17\s20\s24\s29\s32\s36\s52\s58\rOrGateElm\s5\s7\s9\s12\s20\s24\s29\s32\s36\s39\s43\s59\rOrGateElm\s20\s24\s26\s29\s32\s36\s39\s43\s51\s52\s78\rInverterElm\s79\s80\rResistorElm\s96\s79\rResistorElm\s97\s78\rResistorElm\s98\s78\rResistorElm\s99\s78\rResistorElm\s100\s79\rAndGateElm\s59\s101\s76\rAndGateElm\s58\s101\s74\rAndGateElm\s57\s101\s72\rAndGateElm\s56\s101\s70\rAndGateElm\s55\s101\s68\rAndGateElm\s54\s101\s66\rAndGateElm\s53\s101\s64\rAndGateElm\s101\s80\s94\rAndGateElm\s99\s101\s92\rAndGateElm\s98\s101\s90\rAndGateElm\s97\s101\s88\rAndGateElm\s96\s101\s86\rAndGateElm\s100\s101\s84\rAndGateElm\s78\s101\s82 0\\s4\\s0\\s5\s0\\s4\\s0\\s5\s0\\s0.5\\s5\s0\\s0.5\\s5\s0\\s4\\s0\\s5\s0\\s0.5\\s5\s0\\s4\\s0\\s5\s0\\s0.5\\s5\s0\\s0.5\\s5\s0\\s4\\s0\\s5\s0\\s0.5\\s5\s0\\s4\\s0\\s5\s0\\s0.5\\s5\s0\\s0.5\\s5\s0\\s4\\s0\\s5\s0\\s0.5\\s5\s0\\s0.5\\s5\s0\\s0.5\\s5\s0\\s4\\s0\\s5\s0\\s0.5\\s5\s0\\s0.5\\s5\s0\\s4\\s0\\s5\s0\\s4\\s0\\s5\s0\\s0.5\\s5\s0\\s0.5\\s5\s0\\s0.5\\s5\s0\\s0.5\\s5\s0\\s4\\s0\\s5\s0\\s0.5\\s5\s0\\s4\\s0\\s5\s0\\s0.5\\s5\s0\\s0.5\\s5\s0\\s0.5\\s5\s0\\s0.5\\s5\s0\\s4\\s0\\s5\s0\\s4\\s0\\s5\s0\\s0.5\\s5\s0\\s0.5\\s5\s0\\s0.5\\s5\s0\\s0.5\\s5\s0\\s0.5\\s5\s0\\s0.5\\s5\s0\\s0.5\\s5\s0\\s0.5\\s5\s0\\s0.5\\s5\s0\\s0.5\\s5\s0\\s4\\s0\\s5\s0\\s4\\s5\\s5\s0\\s12\\s5\\s5\s0\\s13\\s5\\s5\s0\\s14\\s5\\s5\s0\\s11\\s5\\s5\s0\\s6\\s5\\s5\s0\\s9\\s5\\s5\s0\\s11\\s0\\s5\s0\\s10\\s5\\s5\s0\\s0.5\\s5\s0\\s100\s0\\s100\s0\\s100\s0\\s100\s0\\s100\s0\\s2\\s0\\s5\s0\\s2\\s0\\s5\s0\\s2\\s0\\s5\s0\\s2\\s0\\s5\s0\\s2\\s0\\s5\s0\\s2\\s0\\s5\s0\\s2\\s0\\s5\s0\\s2\\s0\\s5\s0\\s2\\s0\\s5\s0\\s2\\s0\\s5\s0\\s2\\s0\\s5\s0\\s2\\s0\\s5\s0\\s2\\s0\\s5\s0\\s2\\s0\\s5
410 -864 -1664 -832 -1632 1 decoder\s2\sdisplay 0\s4\s0\s5 0\s4\s0\s5 0\s0.5\s5 0\s0.5\s5 0\s4\s0\s5 0\s0.5\s5 0\s4\s0\s5 0\s0.5\s5 0\s0.5\s5 0\s4\s0\s5 0\s0.5\s5 0\s4\s0\s5 0\s0.5\s5 0\s0.5\s5 0\s4\s0\s5 0\s0.5\s5 0\s0.5\s5 0\s0.5\s5 0\s4\s0\s5 0\s0.5\s5 0\s0.5\s5 0\s4\s0\s5 0\s4\s0\s5 0\s0.5\s5 0\s0.5\s5 0\s0.5\s5 0\s0.5\s5 0\s4\s0\s5 0\s0.5\s5 0\s4\s0\s5 0\s0.5\s5 0\s0.5\s5 0\s0.5\s5 0\s0.5\s5 0\s4\s0\s5 0\s4\s0\s5 0\s0.5\s5 0\s0.5\s5 0\s0.5\s5 0\s0.5\s5 0\s0.5\s5 0\s0.5\s5 0\s0.5\s5 0\s0.5\s5 0\s0.5\s5 0\s0.5\s5 0\s4\s0\s5 0\s4\s5\s5 0\s12\s5\s5 0\s13\s5\s5 0\s14\s5\s5 0\s11\s5\s5 0\s6\s5\s5 0\s9\s5\s5 0\s11\s0\s5 0\s10\s5\s5 0\s0.5\s5 0\s100 0\s100 0\s100 0\s100 0\s100 0\s2\s0\s5 0\s2\s0\s5 0\s2\s0\s5 0\s2\s0\s5 0\s2\s0\s5 0\s2\s0\s5 0\s2\s0\s5 0\s2\s0\s5 0\s2\s0\s5 0\s2\s0\s5 0\s2\s0\s5 0\s2\s0\s5 0\s2\s0\s5 0\s2\s0\s5

