$ 1 0.000005 10.20027730826997 50 5 43 5e-11
w -1184 -960 -1184 -864 0
w -928 -960 -1184 -960 0
151 -928 -928 -832 -928 0 4 0 5
w -928 -896 -992 -896 0
w -992 -896 -992 -704 0
w -1120 -944 -1120 -848 0
w -1056 -912 -1056 -816 0
w -928 -944 -1120 -944 0
w -928 -912 -1056 -912 0
151 -928 -832 -832 -832 0 4 5 5
w -928 -864 -1184 -864 0
w -1184 -864 -1184 -768 0
w -928 -848 -1120 -848 0
w -928 -816 -1056 -816 0
w -928 -800 -1024 -800 0
w -1024 -800 -1024 -608 0
w -1056 -816 -1056 -528 0
w -1120 -848 -1120 -752 0
151 -928 -736 -832 -736 0 4 5 5
w -928 -768 -1184 -768 0
w -928 -752 -1120 -752 0
w -928 -704 -992 -704 0
w -928 -720 -1088 -720 0
w -1184 -768 -1184 -672 0
w -1120 -752 -1120 -656 0
w -1088 -720 -1088 -624 0
w -992 -704 -992 -512 0
151 -928 -640 -832 -640 0 4 5 5
w -928 -672 -1184 -672 0
w -928 -656 -1120 -656 0
w -928 -624 -1088 -624 0
w -928 -608 -1024 -608 0
w -1184 -672 -1184 -576 0
w -1120 -656 -1120 -160 0
w -1088 -624 -1088 -336 0
w -1024 -608 -1024 -416 0
151 -928 -544 -832 -544 0 4 5 5
w -928 -576 -1184 -576 0
w -928 -560 -1152 -560 0
w -928 -528 -1056 -528 0
w -928 -512 -992 -512 0
w -992 -512 -992 -384 0
w -1056 -528 -1056 -432 0
w -1152 -560 -1152 -464 0
w -1184 -576 -1184 -480 0
151 -928 -448 -832 -448 0 4 5 5
w -928 -480 -1184 -480 0
w -928 -464 -1152 -464 0
w -928 -432 -1056 -432 0
w -928 -416 -1024 -416 0
w -1056 -432 -1056 -128 0
w -1024 -416 -1024 -288 0
w -1152 -464 -1152 -368 0
w -1184 -480 -1184 -320 0
151 -928 -352 -832 -352 0 4 5 5
w -928 -384 -992 -384 0
w -928 -320 -1184 -320 0
w -1184 -320 -1184 -224 0
w -992 -384 -992 -16 0
w -928 -368 -1152 -368 0
w -928 -336 -1088 -336 0
w -1152 -368 -1152 -240 0
w -1088 -336 -1088 -272 0
151 -928 -256 -832 -256 0 4 5 5
w -928 -288 -1024 -288 0
w -928 -272 -1088 -272 0
w -928 -240 -1152 -240 0
w -928 -224 -1184 -224 0
w -1184 -224 -1184 480 0
w -1152 -240 -1152 128 0
w -1088 -272 -1088 -32 0
w -1024 -288 -1024 -112 0
x -890 -250 -877 -247 4 24 8
151 -928 -144 -832 -144 0 4 5 5
w -928 -176 -1216 -176 0
w -928 -112 -1024 -112 0
w -928 -160 -1120 -160 0
w -928 -128 -1056 -128 0
w -1216 -176 -1216 -80 0
w -1120 -160 -1120 -64 0
w -1056 -128 -1056 -32 0
w -1024 -112 -1024 64 0
151 -928 -48 -832 -48 0 4 5 5
w -928 -80 -1216 -80 0
w -1216 -80 -1216 16 0
w -928 -32 -1088 -32 0
w -928 -64 -1120 -64 0
w -1120 -64 -1120 32 0
w -1056 480 -1056 256 0
w -1088 -32 -1088 80 0
w -992 -16 -992 176 0
w -928 -16 -992 -16 0
151 -928 48 -832 48 0 4 5 5
w -928 16 -1216 16 0
w -1216 16 -1216 112 0
w -928 32 -1120 32 0
w -1120 32 -1120 480 0
w -928 64 -1024 64 0
w -928 80 -1088 80 0
w -1088 80 -1088 352 0
w -1024 64 -1024 272 0
151 -928 144 -832 144 0 4 5 5
x -890 440 -877 443 4 24 1
w -928 112 -1216 112 0
w -928 128 -1152 128 0
w -928 160 -1056 160 0
w -928 176 -992 176 0
w -992 176 -992 368 0
w -1056 160 -1056 -32 0
w -1152 128 -1152 224 0
w -1216 112 -1216 208 0
151 -928 240 -832 240 0 4 5 5
w -928 208 -1216 208 0
w -928 224 -1152 224 0
w -928 256 -1056 256 0
w -928 272 -1024 272 0
w -1216 208 -1216 304 0
w -1152 224 -1152 320 0
w -1056 256 -1056 160 0
w -1024 272 -1024 464 0
151 -928 336 -832 336 0 4 5 5
w -928 304 -1216 304 0
w -928 320 -1152 320 0
w -928 352 -1088 352 0
w -928 368 -992 368 0
w -1216 304 -1216 400 0
w -1152 320 -1152 416 0
w -1088 352 -1088 448 0
w -992 368 -992 480 0
151 -928 432 -832 432 0 4 5 5
w -928 400 -1216 400 0
w -928 416 -1152 416 0
w -928 448 -1088 448 0
w -928 464 -1024 464 0
w -1216 400 -1216 480 0
w -1152 416 -1152 480 0
w -1088 448 -1088 480 0
w -1024 464 -1024 480 0
150 -736 496 -736 592 0 4 0 5
x -899 -923 -873 -920 4 24 15
150 -624 496 -624 592 0 5 5 5
w -704 496 -720 -928 0
w -832 -928 -720 -928 0
w -720 496 -736 -832 0
w -832 -832 -736 -832 0
w -752 496 -752 -256 0
w -832 -256 -752 -256 0
w -768 496 -768 144 0
w -832 144 -768 144 0
w -656 496 -656 240 0
w -832 240 -656 240 0
w -752 -256 -640 -256 0
w -640 496 -640 -256 0
w -832 -640 -624 -640 0
w -624 496 -624 -640 0
w -832 -736 -608 -736 0
w -608 496 -608 -736 0
w -592 496 -592 -832 0
w -736 -832 -592 -832 0
150 -496 496 -496 592 0 6 5 5
w -832 -144 -544 -144 0
w -544 496 -544 -144 0
w -640 -256 -528 -256 0
w -528 -256 -528 496 0
w -832 -448 -512 -448 0
w -512 496 -512 -448 0
w -480 496 -480 -544 0
w -832 -544 -480 -544 0
w -624 -640 -464 -640 0
w -464 496 -464 -640 0
w -592 -832 -448 -832 0
w -448 496 -448 -832 0
150 -368 496 -368 592 0 5 5 5
w -832 432 -400 432 0
w -400 496 -400 432 0
w -832 -48 -384 -48 0
w -384 496 -384 -48 0
w -352 496 -352 -256 0
w -528 -256 -352 -256 0
w -336 496 -336 -832 0
w -448 -832 -336 -832 0
150 -256 496 -256 592 0 4 5 5
w -288 496 -288 432 0
w -400 432 -288 432 0
w -832 336 -272 336 0
w -272 496 -272 336 0
w -768 144 -240 144 0
w -240 496 -240 144 0
w -608 -736 -208 -736 0
w -224 496 -208 -736 0
150 -128 496 -128 592 0 6 5 5
w -288 432 -176 432 0
w -176 496 -176 432 0
w -272 336 -160 336 0
w -160 496 -160 336 0
w -240 144 -144 144 0
w -144 496 -144 144 0
w -832 48 -112 48 0
w -112 496 -112 48 0
w -832 -352 -96 -352 0
w -96 496 -96 -352 0
w -80 496 -80 -448 0
w -512 -448 -80 -448 0
150 0 496 0 592 0 4 5 5
w -656 240 -32 240 0
w -32 496 -32 240 0
w -112 48 -16 48 0
w -16 496 -16 48 0
w -480 -544 -368 -544 0
w 16 496 16 -544 0
w -336 -832 48 -832 0
w 32 496 48 -832 0
w -368 496 -368 -544 0
w -368 -544 16 -544 0
I -1184 528 -1184 480 0 0.5 5
I -1120 528 -1120 480 0 0.5 5
I -1056 528 -1056 480 0 0.5 5
I -992 528 -992 480 0 0.5 5
w -1024 480 -1024 528 0
w -1088 480 -1088 528 0
w -1056 528 -1088 528 0
w -1152 480 -1152 528 0
w -1120 528 -1152 528 0
w -1216 480 -1216 528 0
w -1184 528 -1216 528 0
w -992 528 -1024 528 0
L -1024 528 -1024 592 2 0 false 5 0
L -1088 528 -1088 592 2 0 false 5 0
L -1152 528 -1152 592 2 0 false 5 0
L -1216 528 -1216 592 2 0 false 5 0
