$ 3 0.000005 0.41233529972698213 50 5 50 5e-11
162 592 -120 592 -96 2 default-led 1 0 0 0.01
162 592 48 592 24 2 default-led 1 0 0 0.01
w 688 -40 712 -40 0
w 712 -24 712 -40 0
w 712 -40 712 -48 0
w 616 -40 616 -112 0
w 616 -112 560 -112 0
w 560 -112 560 -184 0
w 592 -120 592 -184 0
w 616 48 616 112 0
w 592 -24 592 -48 0
w 592 -24 688 -24 0
w 688 -24 688 -40 0
w 616 -128 616 -80 0
w 616 -80 688 -80 0
w 688 -40 688 -80 0
w 688 -128 688 -184 0
w 688 48 688 -24 0
w 712 -120 712 -184 0
w 688 -184 688 -216 0
w 688 -216 368 -216 0
w 712 -184 712 -248 0
w 712 -248 368 -248 0
w 712 112 752 112 0
w 752 112 752 -280 0
w 752 -280 368 -280 0
w 616 112 616 144 0
w 616 144 776 144 0
w 776 144 776 -320 0
w 776 -320 368 -320 0
w 592 48 592 168 0
w 592 168 800 168 0
w 800 168 800 -352 0
w 800 -352 368 -352 0
w 592 -184 592 -384 0
w 592 -384 368 -384 0
w 560 -184 560 -416 0
w 560 -416 368 -416 0
g 688 48 688 96 0 0
L 368 -216 296 -216 0 1 false 5 0
L 368 -248 296 -248 0 1 false 5 0
L 368 -280 296 -280 0 1 false 5 0
L 368 -320 296 -320 0 1 false 5 0
L 368 -352 296 -352 0 1 false 5 0
L 368 -384 296 -384 0 1 false 5 0
L 368 -416 296 -416 0 1 false 5 0
162 640 -128 616 -128 2 default-led 1 0 0 0.01
162 664 -128 640 -128 2 default-led 1 0 0 0.01
162 688 -128 664 -128 2 default-led 1 0 0 0.01
162 592 -96 592 -72 2 default-led 1 0 0 0.01
162 592 -72 592 -48 2 default-led 1 0 0 0.01
162 712 -72 712 -48 2 default-led 1 0 0 0.01
162 712 -96 712 -72 2 default-led 1 0 0 0.01
162 712 -120 712 -96 2 default-led 1 0 0 0.01
162 616 -40 640 -40 2 default-led 1 0 0 0.01
162 640 -40 664 -40 2 default-led 1 0 0 0.01
162 664 -40 688 -40 2 default-led 1 0 0 0.01
162 664 48 688 48 2 default-led 1 0 0 0.01
162 640 48 664 48 2 default-led 1 0 0 0.01
162 616 48 640 48 2 default-led 1 0 0 0.01
162 592 24 592 0 2 default-led 1 0 0 0.01
162 592 0 592 -24 2 default-led 1 0 0 0.01
162 712 0 712 -24 2 default-led 1 0 0 0.01
162 712 24 712 0 2 default-led 1 0 0 0.01
162 712 48 712 24 2 default-led 1 0 0 0.01
w 712 112 712 48 0
