$ 1 0.000005 10.20027730826997 50 5 43 5e-11
w -1184 -1056 -1184 -960 0
w -928 -1056 -1184 -1056 0
w -928 -992 -992 -992 0
w -992 -992 -992 -800 0
w -1120 -1040 -1120 -944 0
w -1056 -1008 -1056 -912 0
w -928 -1040 -1120 -1040 0
w -928 -1008 -1056 -1008 0
w -928 -960 -1184 -960 0
w -1184 -960 -1184 -864 0
w -928 -944 -1120 -944 0
w -928 -912 -1056 -912 0
w -928 -896 -1024 -896 0
w -1024 -896 -1024 -704 0
w -1056 -912 -1056 -624 0
w -1120 -944 -1120 -848 0
w -928 -864 -1184 -864 0
w -928 -848 -1120 -848 0
w -928 -800 -992 -800 0
w -928 -816 -1088 -816 0
w -1184 -864 -1184 -768 0
w -1120 -848 -1120 -752 0
w -1088 -816 -1088 -720 0
w -992 -800 -992 -608 0
w -928 -768 -1184 -768 0
w -928 -752 -1120 -752 0
w -928 -720 -1088 -720 0
w -928 -704 -1024 -704 0
w -1184 -768 -1184 -672 0
w -1120 -752 -1120 -272 0
w -1088 -720 -1088 -432 0
w -1024 -704 -1024 -512 0
w -928 -672 -1184 -672 0
w -928 -656 -1152 -656 0
w -928 -624 -1056 -624 0
w -928 -608 -992 -608 0
w -992 -608 -992 -480 0
w -1056 -624 -1056 -528 0
w -1152 -656 -1152 -560 0
w -1184 -672 -1184 -576 0
w -928 -576 -1184 -576 0
w -928 -560 -1152 -560 0
w -928 -528 -1056 -528 0
w -928 -512 -1024 -512 0
w -1056 -528 -1056 -240 0
w -1024 -512 -1024 -384 0
w -1152 -560 -1152 -464 0
w -1184 -576 -1184 -416 0
w -928 -480 -992 -480 0
w -928 -416 -1184 -416 0
w -1184 -416 -1184 -320 0
w -992 -480 -992 -224 0
w -928 -464 -1152 -464 0
w -928 -432 -1088 -432 0
w -1152 -464 -1152 -336 0
w -1088 -432 -1088 -368 0
w -928 -384 -1024 -384 0
w -928 -368 -1088 -368 0
w -928 -336 -1152 -336 0
w -928 -320 -1184 -320 0
w -1184 -320 -1184 480 0
w -1152 -336 -1152 128 0
w -1088 -368 -1088 -32 0
w -1024 -384 -1024 -112 0
x -893 -262 -880 -259 4 24 8
w -928 -176 -1216 -176 0
w -928 -112 -1024 -112 0
w -928 -160 -1120 -160 0
w -928 -128 -1056 -128 0
w -1216 -176 -1216 -80 0
w -1120 -160 -1120 -64 0
w -1056 -128 -1056 -32 0
w -1024 -112 -1024 64 0
w -928 -80 -1216 -80 0
w -1216 -80 -1216 16 0
w -928 -32 -1088 -32 0
w -928 -64 -1120 -64 0
w -1120 -64 -1120 32 0
w -1056 480 -1056 256 0
w -1088 -32 -1088 80 0
w -992 -16 -992 176 0
w -928 -16 -992 -16 0
w -928 16 -1216 16 0
w -1216 16 -1216 112 0
w -928 32 -1120 32 0
w -1120 32 -1120 480 0
w -928 64 -1024 64 0
w -928 80 -1088 80 0
w -1088 80 -1088 352 0
w -1024 64 -1024 272 0
x -890 440 -877 443 4 24 1
w -928 112 -1216 112 0
w -928 128 -1152 128 0
w -928 160 -1056 160 0
w -928 176 -992 176 0
w -992 176 -992 368 0
w -1056 160 -1056 -32 0
w -1152 128 -1152 224 0
w -1216 112 -1216 208 0
w -928 208 -1216 208 0
w -928 224 -1152 224 0
w -928 256 -1056 256 0
w -928 272 -1024 272 0
w -1216 208 -1216 304 0
w -1152 224 -1152 320 0
w -1056 256 -1056 160 0
w -1024 272 -1024 464 0
w -928 304 -1216 304 0
w -928 320 -1152 320 0
w -928 352 -1088 352 0
w -928 368 -992 368 0
w -1216 304 -1216 400 0
w -1152 320 -1152 416 0
w -1088 352 -1088 448 0
w -992 368 -992 480 0
w -928 400 -1216 400 0
w -928 416 -1152 416 0
w -928 448 -1088 448 0
w -928 464 -1024 464 0
w -1216 400 -1216 480 0
w -1152 416 -1152 480 0
w -1088 448 -1088 480 0
w -1024 464 -1024 480 0
x -899 -921 -873 -918 4 24 15
I -1184 528 -1184 480 0 0.5 5
I -1120 528 -1120 480 0 0.5 5
I -1056 528 -1056 480 0 0.5 5
I -992 528 -992 480 0 0.5 5
w -1024 480 -1024 528 0
w -1088 480 -1088 528 0
w -1056 528 -1088 528 0
w -1152 480 -1152 528 0
w -1120 528 -1152 528 0
w -1216 480 -1216 528 0
w -1184 528 -1216 528 0
w -992 528 -1024 528 0
L -1024 528 -1024 592 2 0 false 5 0
L -1088 528 -1088 592 2 0 false 5 0
L -1152 528 -1152 592 2 0 false 5 0
L -1216 528 -1216 592 2 0 false 5 0
152 -592 496 -592 592 0 12 0 5
w -832 432 -688 432 0
w -688 496 -688 432 0
w -832 240 -672 240 0
w -672 496 -672 240 0
w -832 144 -656 144 0
w -656 496 -656 144 0
w -640 496 -640 -48 0
w -832 -48 -640 -48 0
w -624 496 -624 -144 0
w -832 -144 -624 -144 0
w -608 496 -608 -256 0
w -576 496 -576 -352 0
w -560 496 -560 -448 0
w -544 496 -544 -544 0
w -528 496 -528 -736 0
w -512 496 -512 -832 0
x -892 -551 -868 -548 4 24 11
w -928 -288 -1216 -288 0
w -1216 -176 -1216 -288 0
w -928 -272 -1120 -272 0
w -1120 -272 -1120 -160 0
w -928 -240 -1056 -240 0
w -928 -224 -992 -224 0
w -1056 -240 -1056 -128 0
w -992 -224 -992 -16 0
w -608 -256 -832 -256 0
w -576 -352 -832 -352 0
w -560 -448 -832 -448 0
w -544 -544 -832 -544 0
w -832 -736 -528 -736 0
w -832 -832 -512 -832 0
w -496 496 -496 -1024 0
w -832 -1024 -496 -1024 0
152 -368 496 -368 592 0 13 0 5
w -832 336 -464 336 0
w -464 496 -464 336 0
w -448 496 -448 240 0
w -672 240 -448 240 0
w -432 496 -432 144 0
w -656 144 -432 144 0
w -832 48 -416 48 0
w -416 496 -416 48 0
w -640 -48 -400 -48 0
w -400 496 -400 -48 0
w -624 -144 -384 -144 0
w -384 496 -384 -144 0
w -608 -256 -368 -256 0
w -368 496 -368 -256 0
w -352 496 -352 -352 0
w -576 -352 -352 -352 0
w -320 496 -320 -736 0
w -304 496 -304 -832 0
w -336 496 -336 -640 0
w -288 496 -288 -928 0
w -272 496 -272 -1024 0
w -832 -640 -336 -640 0
w -528 -736 -320 -736 0
w -512 -832 -304 -832 0
w -832 -928 -288 -928 0
w -496 -1024 -272 -1024 0
152 -128 496 -128 592 0 14 0 5
w -688 432 -240 432 0
w -240 496 -240 432 0
w -464 336 -224 336 0
w -224 496 -224 336 0
w -448 240 -208 240 0
w -208 496 -208 240 0
w -384 -144 -160 -144 0
w -368 -256 -144 -256 0
w -352 -352 -112 -352 0
w -560 -448 -96 -448 0
w -272 -1024 -16 -1024 0
152 112 496 112 592 0 11 0 5
153 352 496 352 592 0 6 0 5
150 -928 432 -832 432 0 4 0 5
150 -928 336 -832 336 0 4 0 5
150 -928 240 -832 240 0 4 0 5
150 -928 144 -832 144 0 4 0 5
150 -928 48 -832 48 0 4 0 5
150 -928 -48 -832 -48 0 4 0 5
150 -928 -144 -832 -144 0 4 0 5
150 -928 -256 -832 -256 0 4 0 5
150 -928 -352 -832 -352 0 4 0 5
150 -928 -448 -832 -448 0 4 0 5
150 -928 -544 -832 -544 0 4 0 5
150 -928 -640 -832 -640 0 4 0 5
150 -928 -736 -832 -736 0 4 0 5
150 -928 -832 -832 -832 0 4 0 5
150 -928 -928 -832 -928 0 4 0 5
150 -928 -1024 -832 -1024 0 4 0 5
w -192 496 -192 48 0
w -416 48 -192 48 0
w -400 -48 -176 -48 0
w -176 496 -176 -48 0
w -160 496 -160 -144 0
w -144 496 -144 -256 0
w -112 496 -112 -352 0
w -96 496 -96 -448 0
w -544 -544 -80 -544 0
w -80 496 -80 -544 0
w -64 496 -64 -640 0
w -48 496 -48 -736 0
w -336 -640 -64 -640 0
w -320 -736 -48 -736 0
w -288 -928 -32 -928 0
w -32 496 -32 -928 0
w -16 496 -16 -1024 0
w -240 432 32 432 0
w 32 496 32 432 0
w -208 240 48 240 0
w 48 496 48 240 0
w -432 144 64 144 0
w 64 496 64 144 0
w -176 -48 80 -48 0
w 80 496 80 -48 0
w -160 -144 96 -144 0
w 96 496 96 -144 0
w -144 -256 112 -256 0
w 112 496 112 -256 0
w 128 496 128 -448 0
w -96 -448 128 -448 0
w 144 496 144 -544 0
w -80 -544 144 -544 0
w 160 496 160 -736 0
w -48 -736 160 -736 0
w 176 496 176 -832 0
w -304 -832 176 -832 0
w 192 496 192 -1024 0
w -16 -1024 192 -1024 0
x 1079 -163 1409 -160 4 40 7\s8\s10\s11\s12\s13\s14
x 1045 -93 1520 -90 4 40 1\s2\s3\s4\s7\s8\s10\s11\s12\s13\s14\s
w 64 144 304 144 0
w 304 496 304 144 0
w 320 496 320 -48 0
w 80 -48 320 -48 0
w 112 -256 336 -256 0
w 336 496 336 -256 0
w 128 -448 368 -448 0
w 368 496 368 -448 0
w 176 -832 384 -832 0
w 384 496 384 -832 0
w 400 496 400 -832 0
w 192 -1024 400 -1024 0
w 400 -832 400 -1024 0
152 528 496 528 592 0 9 0 5
w 32 432 464 432 0
w 464 496 464 432 0
w -224 336 480 336 0
w 480 496 480 336 0
w -192 48 496 48 0
w 496 496 496 48 0
w 512 496 512 -48 0
w 320 -48 512 -48 0
w 96 -144 528 -144 0
w 528 -144 528 496 0
w -112 -352 544 -352 0
w 544 496 544 -352 0
w 560 496 560 -448 0
w 576 496 576 -352 0
w 592 496 592 -352 0
w 368 -448 560 -448 0
w 144 -544 576 -544 0
w 576 -352 576 -544 0
w 400 -1024 592 -1024 0
w 592 -352 592 -1024 0
152 736 496 736 592 0 11 0 5
w 464 432 656 432 0
w 656 496 656 432 0
w 480 336 672 336 0
w 672 496 672 336 0
w 688 496 688 240 0
w 48 240 688 240 0
w 304 144 704 144 0
w 704 496 704 144 0
w 528 -144 720 -144 0
w 720 496 720 -144 0
w 336 -256 736 -256 0
w 736 496 736 -256 0
w 560 -448 752 -448 0
w 752 496 752 -448 0
w 768 496 768 -544 0
w 800 496 800 -736 0
w 784 496 784 -640 0
w 816 496 816 -832 0
w 576 -544 768 -544 0
w -64 -640 784 -640 0
w 160 -736 800 -736 0
w 384 -832 816 -832 0
