$ 1 0.000005 10.20027730826997 50 5 43 5e-11
. somador4bits 0 4 6 14 a0 28 0 2 a1 21 1 2 a2 2 2 2 a3 14 3 2 b0 27 3 1 b1 20 2 1 b2 1 1 1 b3 13 0 1 Cin 26 4 2 Cout 11 4 3 S0 29 0 3 S1 22 1 3 S2 5 2 3 S3 15 3 3 XorGateElm\s1\s2\s3\rXorGateElm\s3\s4\s5\rAndGateElm\s1\s2\s6\rAndGateElm\s3\s4\s7\rOrGateElm\s7\s6\s8\rOrGateElm\s9\s10\s11\rAndGateElm\s12\s8\s9\rAndGateElm\s13\s14\s10\rXorGateElm\s12\s8\s15\rXorGateElm\s13\s14\s12\rOrGateElm\s16\s17\s4\rAndGateElm\s18\s19\s16\rAndGateElm\s20\s21\s17\rXorGateElm\s18\s19\s22\rXorGateElm\s20\s21\s18\rOrGateElm\s23\s24\s19\rAndGateElm\s25\s26\s23\rAndGateElm\s27\s28\s24\rXorGateElm\s25\s26\s29\rXorGateElm\s27\s28\s25 0\\s2\\s0\\s5\s0\\s2\\s0\\s5\s0\\s2\\s0\\s5\s0\\s2\\s0\\s5\s0\\s2\\s0\\s5\s0\\s2\\s0\\s5\s0\\s2\\s0\\s5\s0\\s2\\s0\\s5\s0\\s2\\s0\\s5\s0\\s2\\s0\\s5\s0\\s2\\s0\\s5\s0\\s2\\s0\\s5\s0\\s2\\s0\\s5\s0\\s2\\s0\\s5\s0\\s2\\s0\\s5\s0\\s2\\s0\\s5\s0\\s2\\s0\\s5\s0\\s2\\s0\\s5\s0\\s2\\s0\\s5\s0\\s2\\s0\\s5
410 64 48 96 64 1 somador4bits 0\s2\s0\s5 0\s2\s0\s5 0\s2\s0\s5 0\s2\s0\s5 0\s2\s0\s5 0\s2\s5\s5 0\s2\s0\s5 0\s2\s5\s5 0\s2\s0\s5 0\s2\s0\s5 0\s2\s0\s5 0\s2\s0\s5 0\s2\s0\s5 0\s2\s0\s5 0\s2\s0\s5 0\s2\s0\s5 0\s2\s0\s5 0\s2\s0\s5 0\s2\s0\s5 0\s2\s0\s5
w 192 240 272 240 0
w 160 240 160 272 0
w 160 272 192 272 0
w 128 240 128 272 0
w 128 272 96 272 0
w 96 240 16 240 0
w 16 240 16 272 0
w 272 240 272 272 0
154 16 400 16 272 0 2 5 5
154 96 400 96 272 0 2 0 5
154 192 400 192 272 0 2 0 5
154 272 400 272 272 0 2 0 5
w 256 400 256 416 0
w 176 400 176 416 0
w 80 400 80 416 0
w 0 400 0 416 0
w 256 416 176 416 0
w 176 416 80 416 0
w 80 416 0 416 0
w 0 416 -64 416 0
w -64 416 -304 416 0
w -64 416 -64 176 0
w -64 176 64 176 0
w 224 48 400 48 0
w 224 80 384 80 0
w 224 112 368 112 0
w 224 144 352 144 0
w 224 176 336 176 0
w 336 176 336 32 0
w 352 144 352 32 0
w 368 112 368 32 0
w 384 80 384 32 0
w 400 48 400 32 0
M 336 32 336 16 0 2.5
M 352 32 352 16 0 2.5
M 368 32 368 16 0 2.5
M 384 32 384 16 0 2.5
M 400 32 400 16 0 2.5
w 64 48 48 48 0
w 48 48 48 32 0
w 64 80 32 80 0
w 32 80 32 32 0
w 64 112 16 112 0
w 16 112 16 32 0
w 64 144 0 144 0
w 0 144 0 32 0
w 288 400 400 400 0
w 400 400 400 384 0
w 208 400 208 432 0
w 208 432 384 432 0
w 384 432 384 384 0
w 112 400 112 448 0
w 112 448 368 448 0
w 368 448 368 384 0
w 32 400 32 464 0
w 32 464 352 464 0
w 352 464 352 384 0
L 400 384 400 368 0 0 false 5 0
L 384 384 384 368 0 0 false 5 0
L 368 384 368 368 0 0 false 5 0
L 352 384 352 368 0 1 false 5 0
L 48 32 48 16 0 0 false 5 0
L 32 32 32 16 0 0 false 5 0
L 16 32 16 16 0 0 false 5 0
L 0 32 0 16 0 1 false 5 0
L -304 416 -336 416 0 0 false 5 0
