$ 1 0.000005 5.934295036739208 68 7 50 5e-11
w -160 -336 928 -336 0
w -160 -368 896 -368 0
w -160 -400 864 -400 0
w -160 -432 832 -432 0
w -448 -304 -320 -304 0
w -448 -64 -448 -304 0
w -448 -64 -688 -64 0
w -384 -64 -448 -64 0
w -304 -64 -384 -64 0
w -208 -64 -304 -64 0
w -128 -64 -208 -64 0
w -384 -80 -384 -64 0
w -304 -80 -304 -64 0
w -208 -80 -208 -64 0
w -128 -80 -128 -64 0
154 -112 -80 -112 -208 0 2 0 5
154 -192 -80 -192 -208 0 2 0 5
154 -288 -80 -288 -208 0 2 0 5
154 -368 -80 -368 -208 0 2 5 5
w -112 -240 -112 -208 0
w -368 -240 -368 -208 0
w -288 -240 -368 -240 0
w -256 -208 -288 -208 0
w -256 -240 -256 -208 0
w -224 -208 -192 -208 0
w -224 -240 -224 -208 0
w -192 -240 -112 -240 0
w -96 0 -96 -80 0
w -320 -432 -320 -672 0
w -400 -672 -320 -672 0
w -400 -640 -336 -640 0
w -336 -640 -336 -400 0
w -336 -400 -320 -400 0
w -320 -368 -352 -368 0
w -352 -368 -352 -608 0
w -352 -608 -400 -608 0
w -400 -576 -368 -576 0
w -368 -576 -368 -336 0
w -368 -336 -320 -336 0
157 -480 -1072 -448 -1072 0 7 0 0
207 -160 -304 -64 -304 4 Cout
. somador4bits 0 4 6 14 a0 28 0 2 a1 21 1 2 a2 2 2 2 a3 14 3 2 b0 27 3 1 b1 20 2 1 b2 1 1 1 b3 13 0 1 Cin 26 4 2 Cout 11 4 3 S0 29 0 3 S1 22 1 3 S2 5 2 3 S3 15 3 3 XorGateElm\s1\s2\s3\rXorGateElm\s3\s4\s5\rAndGateElm\s1\s2\s6\rAndGateElm\s3\s4\s7\rOrGateElm\s7\s6\s8\rOrGateElm\s9\s10\s11\rAndGateElm\s12\s8\s9\rAndGateElm\s13\s14\s10\rXorGateElm\s12\s8\s15\rXorGateElm\s13\s14\s12\rOrGateElm\s16\s17\s4\rAndGateElm\s18\s19\s16\rAndGateElm\s20\s21\s17\rXorGateElm\s18\s19\s22\rXorGateElm\s20\s21\s18\rOrGateElm\s23\s24\s19\rAndGateElm\s25\s26\s23\rAndGateElm\s27\s28\s24\rXorGateElm\s25\s26\s29\rXorGateElm\s27\s28\s25 0\\s2\\s0\\s5\s0\\s2\\s0\\s5\s0\\s2\\s0\\s5\s0\\s2\\s0\\s5\s0\\s2\\s0\\s5\s0\\s2\\s0\\s5\s0\\s2\\s0\\s5\s0\\s2\\s0\\s5\s0\\s2\\s0\\s5\s0\\s2\\s0\\s5\s0\\s2\\s0\\s5\s0\\s2\\s0\\s5\s0\\s2\\s0\\s5\s0\\s2\\s0\\s5\s0\\s2\\s0\\s5\s0\\s2\\s0\\s5\s0\\s2\\s0\\s5\s0\\s2\\s0\\s5\s0\\s2\\s0\\s5\s0\\s2\\s0\\s5
410 -320 -432 -288 -416 1 somador4bits 0\s2\s0\s5 0\s2\s0\s5 0\s2\s0\s5 0\s2\s0\s5 0\s2\s0\s5 0\s2\s5\s5 0\s2\s0\s5 0\s2\s5\s5 0\s2\s0\s5 0\s2\s0\s5 0\s2\s0\s5 0\s2\s0\s5 0\s2\s0\s5 0\s2\s0\s5 0\s2\s0\s5 0\s2\s0\s5 0\s2\s0\s5 0\s2\s0\s5 0\s2\s0\s5 0\s2\s0\s5
. decoder 0 4 7 11 A 1 0 2 B 3 1 2 C 5 2 2 D 7 3 2 E 9 4 2 F 11 5 2 G 13 6 2 S0 15 1 3 S1 17 2 3 S2 19 3 3 S3 21 4 3 InverterElm\s15\s23\rInverterElm\s17\s24\rInverterElm\s19\s25\rInverterElm\s21\s26\rAndGateElm\s30\s29\s27\s28\s1\rAndGateElm\s35\s34\s33\s29\s32\s31\s3\rAndGateElm\s35\s34\s33\s36\s5\rAndGateElm\s35\s38\s27\s37\s28\s7\rAndGateElm\s40\s37\s31\s27\s39\s28\s9\rAndGateElm\s30\s37\s39\s36\s28\s11\rAndGateElm\s33\s37\s28\s41\s13\rNandGateElm\s15\s17\s19\s21\s35\rNandGateElm\s23\s17\s19\s21\s34\rNandGateElm\s15\s24\s19\s21\s30\rNandGateElm\s23\s24\s19\s21\s33\rNandGateElm\s17\s15\s25\s21\s29\rNandGateElm\s23\s17\s25\s21\s38\rNandGateElm\s15\s24\s25\s21\s40\rNandGateElm\s26\s19\s17\s15\s37\rNandGateElm\s26\s17\s19\s23\s32\rNandGateElm\s15\s24\s19\s26\s31\rNandGateElm\s23\s24\s19\s26\s27\rNandGateElm\s15\s17\s25\s26\s39\rNandGateElm\s23\s17\s25\s26\s36\rNandGateElm\s15\s24\s25\s26\s28\rNandGateElm\s23\s24\s25\s26\s41 0\\s0.5\\s5\s0\\s0.5\\s5\s0\\s0.5\\s5\s0\\s0.5\\s5\s0\\s4\\s5\\s5\s0\\s6\\s5\\s5\s0\\s4\\s5\\s5\s0\\s5\\s5\\s5\s0\\s6\\s5\\s5\s0\\s5\\s5\\s5\s0\\s4\\s0\\s5\s0\\s4\\s5\\s5\s0\\s4\\s5\\s5\s0\\s4\\s5\\s5\s0\\s4\\s5\\s5\s0\\s4\\s5\\s5\s0\\s4\\s5\\s5\s0\\s4\\s5\\s5\s0\\s4\\s5\\s5\s0\\s4\\s5\\s5\s0\\s4\\s5\\s5\s0\\s4\\s5\\s5\s0\\s4\\s5\\s5\s0\\s4\\s5\\s5\s0\\s4\\s5\\s5\s0\\s4\\s0\\s5
410 -560 -704 -544 -672 1 decoder 0\s0.5\s5 0\s0.5\s5 0\s0.5\s5 0\s0.5\s5 0\s4\s5\s5 0\s6\s5\s5 0\s4\s5\s5 0\s5\s5\s5 0\s6\s5\s5 0\s5\s5\s5 0\s4\s5\s5 0\s4\s5\s5 0\s4\s5\s5 0\s4\s5\s5 0\s4\s5\s5 0\s4\s5\s5 0\s4\s5\s5 0\s4\s5\s5 0\s4\s5\s5 0\s4\s5\s5 0\s4\s5\s5 0\s4\s5\s5 0\s4\s5\s5 0\s4\s5\s5 0\s4\s5\s5 0\s4\s5\s5
410 -208 -704 -144 -672 1 decoder 0\s0.5\s5 0\s0.5\s5 0\s0.5\s5 0\s0.5\s5 0\s4\s5\s5 0\s6\s5\s5 0\s4\s5\s5 0\s5\s5\s5 0\s6\s5\s5 0\s5\s5\s5 0\s4\s5\s5 0\s4\s5\s5 0\s4\s5\s5 0\s4\s5\s5 0\s4\s5\s5 0\s4\s5\s5 0\s4\s5\s5 0\s4\s5\s5 0\s4\s5\s5 0\s4\s5\s5 0\s4\s5\s5 0\s4\s5\s5 0\s4\s5\s5 0\s4\s5\s5 0\s4\s5\s5 0\s4\s5\s5
157 -336 -1072 -304 -1072 1024 7 0 0
w -480 -1072 -560 -1072 0
w -560 -704 -560 -1072 0
w -480 -1040 -576 -1040 0
w -576 -1040 -576 -672 0
w -576 -672 -560 -672 0
w -480 -1008 -592 -1008 0
w -592 -1008 -592 -640 0
w -592 -640 -560 -640 0
w -560 -608 -608 -608 0
w -608 -608 -608 -976 0
w -608 -976 -480 -976 0
w -416 -944 -624 -944 0
w -624 -944 -624 -576 0
w -624 -576 -560 -576 0
w -384 -944 -384 -928 0
w -384 -928 -640 -928 0
w -640 -928 -640 -544 0
w -640 -544 -560 -544 0
w -352 -944 -352 -912 0
w -352 -912 -656 -912 0
w -656 -912 -656 -512 0
w -656 -512 -560 -512 0
w -176 -1072 -96 -1072 0
w -96 -1072 -96 -736 0
w -96 -736 -208 -736 0
w -208 -736 -208 -704 0
w -176 -1040 -112 -1040 0
w -112 -1040 -112 -752 0
w -112 -752 -208 -752 0
w -208 -752 -208 -672 0
w -176 -1008 -128 -1008 0
w -128 -1008 -128 -768 0
w -128 -768 -208 -768 0
w -208 -768 -208 -640 0
w -176 -976 -144 -976 0
w -144 -976 -144 -784 0
w -144 -784 -208 -784 0
w -208 -784 -208 -608 0
w -240 -944 -240 -576 0
w -240 -576 -208 -576 0
w -272 -944 -272 -544 0
w -272 -544 -208 -544 0
w -304 -944 -304 -512 0
w -208 -512 -304 -512 0
207 -400 -672 -400 -704 5 A0
207 -400 -640 -400 -656 5 A1
207 -400 -608 -400 -624 5 A2
207 -400 -576 -400 -592 5 A3
207 -48 -672 -48 -704 5 B0
207 -48 -640 -48 -656 5 B1
207 -48 -608 -48 -624 5 B2
207 -48 -576 -48 -592 5 B3
w -96 0 512 0 0
w 512 0 496 -672 0
w 496 -672 -48 -672 0
w -48 -640 480 -640 0
w 480 -640 496 -16 0
w 496 -16 -176 -16 0
w -176 -80 -176 -16 0
w -272 -80 -272 -32 0
w -48 -608 464 -608 0
w 464 -608 480 -32 0
w 480 -32 -272 -32 0
w -352 -80 -352 -48 0
w -48 -576 448 -576 0
w 448 -576 464 -48 0
w 464 -48 -352 -48 0
207 80 -1008 80 -1024 5 A3
207 80 -976 80 -992 5 A2
207 80 -944 80 -960 5 A1
207 80 -912 80 -928 5 A0
207 304 -1008 304 -1024 5 B3
207 304 -976 304 -992 5 B2
207 304 -944 304 -960 5 B1
207 304 -912 304 -928 5 B0
L 80 -912 128 -912 0 0 false 5 0
L 80 -944 128 -944 0 0 false 5 0
L 80 -976 128 -976 0 0 false 5 0
L 80 -1008 128 -1008 0 1 false 5 0
L 304 -1008 256 -1008 0 1 false 5 0
L 304 -976 256 -976 0 0 false 5 0
L 304 -944 256 -944 0 0 false 5 0
L 304 -912 256 -912 0 0 false 5 0
207 -688 -64 -688 -112 4 L
207 192 -1120 192 -1168 4 L
L 192 -1120 192 -1072 0 0 false 5 0
. decoder\s2\sdisplay 0 6 8 20 A0 64 0 3 A1 82 0 2 B0 66 1 3 B1 84 1 2 Bc 101 0 1 C0 68 2 3 C1 86 2 2 D0 70 3 3 D1 88 3 2 E0 72 4 3 E1 90 4 2 F0 74 5 3 F1 92 5 2 G0 76 6 3 G1 94 6 2 I0 4 1 1 I1 3 2 1 I2 2 3 1 I3 1 4 1 Vcc 79 5 1 AndGateElm\s4\s3\s2\s1\s5\rAndGateElm\s6\s3\s2\s1\s7\rInverterElm\s4\s6\rInverterElm\s3\s8\rAndGateElm\s4\s8\s2\s1\s9\rInverterElm\s4\s10\rAndGateElm\s10\s11\s2\s1\s12\rInverterElm\s3\s11\rInverterElm\s2\s13\rAndGateElm\s4\s3\s13\s1\s14\rInverterElm\s4\s15\rAndGateElm\s15\s3\s16\s1\s17\rInverterElm\s2\s16\rInverterElm\s2\s18\rAndGateElm\s4\s19\s18\s1\s20\rInverterElm\s3\s19\rInverterElm\s4\s21\rInverterElm\s3\s22\rAndGateElm\s21\s22\s23\s1\s24\rInverterElm\s2\s23\rInverterElm\s1\s25\rAndGateElm\s4\s3\s2\s25\s26\rAndGateElm\s27\s3\s2\s28\s29\rInverterElm\s1\s28\rInverterElm\s4\s27\rInverterElm\s3\s31\rInverterElm\s1\s30\rAndGateElm\s4\s31\s2\s30\s32\rInverterElm\s4\s33\rAndGateElm\s33\s34\s2\s35\s36\rInverterElm\s1\s35\rInverterElm\s3\s34\rInverterElm\s2\s38\rInverterElm\s1\s37\rAndGateElm\s4\s3\s38\s37\s39\rAndGateElm\s40\s3\s41\s42\s43\rInverterElm\s1\s42\rInverterElm\s2\s41\rInverterElm\s4\s40\rInverterElm\s3\s45\rInverterElm\s2\s46\rInverterElm\s1\s44\rInverterElm\s4\s47\rInverterElm\s3\s48\rInverterElm\s2\s49\rInverterElm\s1\s50\rAndGateElm\s4\s45\s46\s44\s51\rAndGateElm\s47\s48\s49\s50\s52\rOrGateElm\s5\s9\s12\s17\s20\s24\s26\s29\s32\s39\s43\s52\s53\rOrGateElm\s7\s9\s12\s14\s17\s20\s24\s26\s36\s39\s43\s51\s52\s54\rOrGateElm\s5\s7\s9\s14\s17\s20\s24\s26\s29\s32\s36\s39\s51\s52\s55\rOrGateElm\s5\s9\s12\s17\s20\s24\s29\s32\s39\s43\s52\s56\rOrGateElm\s12\s17\s24\s29\s43\s52\s57\rOrGateElm\s5\s7\s17\s20\s24\s29\s32\s36\s52\s58\rOrGateElm\s5\s7\s9\s12\s20\s24\s29\s32\s36\s39\s43\s59\rOrGateElm\s20\s24\s26\s29\s32\s36\s39\s43\s51\s52\s78\rInverterElm\s79\s80\rResistorElm\s96\s79\rResistorElm\s97\s78\rResistorElm\s98\s78\rResistorElm\s99\s78\rResistorElm\s100\s79\rAndGateElm\s59\s101\s76\rAndGateElm\s58\s101\s74\rAndGateElm\s57\s101\s72\rAndGateElm\s56\s101\s70\rAndGateElm\s55\s101\s68\rAndGateElm\s54\s101\s66\rAndGateElm\s53\s101\s64\rAndGateElm\s101\s80\s94\rAndGateElm\s99\s101\s92\rAndGateElm\s98\s101\s90\rAndGateElm\s97\s101\s88\rAndGateElm\s96\s101\s86\rAndGateElm\s100\s101\s84\rAndGateElm\s78\s101\s82 0\\s4\\s0\\s5\s0\\s4\\s0\\s5\s0\\s0.5\\s5\s0\\s0.5\\s5\s0\\s4\\s0\\s5\s0\\s0.5\\s5\s0\\s4\\s0\\s5\s0\\s0.5\\s5\s0\\s0.5\\s5\s0\\s4\\s0\\s5\s0\\s0.5\\s5\s0\\s4\\s0\\s5\s0\\s0.5\\s5\s0\\s0.5\\s5\s0\\s4\\s0\\s5\s0\\s0.5\\s5\s0\\s0.5\\s5\s0\\s0.5\\s5\s0\\s4\\s0\\s5\s0\\s0.5\\s5\s0\\s0.5\\s5\s0\\s4\\s0\\s5\s0\\s4\\s0\\s5\s0\\s0.5\\s5\s0\\s0.5\\s5\s0\\s0.5\\s5\s0\\s0.5\\s5\s0\\s4\\s0\\s5\s0\\s0.5\\s5\s0\\s4\\s0\\s5\s0\\s0.5\\s5\s0\\s0.5\\s5\s0\\s0.5\\s5\s0\\s0.5\\s5\s0\\s4\\s0\\s5\s0\\s4\\s0\\s5\s0\\s0.5\\s5\s0\\s0.5\\s5\s0\\s0.5\\s5\s0\\s0.5\\s5\s0\\s0.5\\s5\s0\\s0.5\\s5\s0\\s0.5\\s5\s0\\s0.5\\s5\s0\\s0.5\\s5\s0\\s0.5\\s5\s0\\s4\\s0\\s5\s0\\s4\\s5\\s5\s0\\s12\\s5\\s5\s0\\s13\\s5\\s5\s0\\s14\\s5\\s5\s0\\s11\\s5\\s5\s0\\s6\\s5\\s5\s0\\s9\\s5\\s5\s0\\s11\\s0\\s5\s0\\s10\\s5\\s5\s0\\s0.5\\s5\s0\\s100\s0\\s100\s0\\s100\s0\\s100\s0\\s100\s0\\s2\\s0\\s5\s0\\s2\\s0\\s5\s0\\s2\\s0\\s5\s0\\s2\\s0\\s5\s0\\s2\\s0\\s5\s0\\s2\\s0\\s5\s0\\s2\\s0\\s5\s0\\s2\\s0\\s5\s0\\s2\\s0\\s5\s0\\s2\\s0\\s5\s0\\s2\\s0\\s5\s0\\s2\\s0\\s5\s0\\s2\\s0\\s5\s0\\s2\\s0\\s5
410 768 -720 800 -688 1 decoder\s2\sdisplay 0\s4\s0\s5 0\s4\s0\s5 0\s0.5\s5 0\s0.5\s5 0\s4\s0\s5 0\s0.5\s5 0\s4\s0\s5 0\s0.5\s5 0\s0.5\s5 0\s4\s0\s5 0\s0.5\s5 0\s4\s0\s5 0\s0.5\s5 0\s0.5\s5 0\s4\s0\s5 0\s0.5\s5 0\s0.5\s5 0\s0.5\s5 0\s4\s0\s5 0\s0.5\s5 0\s0.5\s5 0\s4\s0\s5 0\s4\s0\s5 0\s0.5\s5 0\s0.5\s5 0\s0.5\s5 0\s0.5\s5 0\s4\s0\s5 0\s0.5\s5 0\s4\s0\s5 0\s0.5\s5 0\s0.5\s5 0\s0.5\s5 0\s0.5\s5 0\s4\s0\s5 0\s4\s0\s5 0\s0.5\s5 0\s0.5\s5 0\s0.5\s5 0\s0.5\s5 0\s0.5\s5 0\s0.5\s5 0\s0.5\s5 0\s0.5\s5 0\s0.5\s5 0\s0.5\s5 0\s4\s0\s5 0\s4\s5\s5 0\s12\s5\s5 0\s13\s5\s5 0\s14\s5\s5 0\s11\s5\s5 0\s6\s5\s5 0\s9\s5\s5 0\s11\s0\s5 0\s10\s5\s5 0\s0.5\s5 0\s100 0\s100 0\s100 0\s100 0\s100 0\s2\s0\s5 0\s2\s5\s5 0\s2\s5\s5 0\s2\s5\s5 0\s2\s5\s5 0\s2\s5\s5 0\s2\s5\s5 0\s2\s0\s5 0\s2\s5\s5 0\s2\s5\s5 0\s2\s5\s5 0\s2\s5\s5 0\s2\s5\s5 0\s2\s5\s5
w 832 -432 832 -464 0
w 864 -400 864 -464 0
w 896 -368 896 -464 0
w 928 -336 928 -464 0
157 864 -1072 896 -1072 1024 7 0 0
157 736 -1072 768 -1072 0 7 0 0
w 736 -1072 528 -1072 0
w 768 -528 720 -528 0
w 720 -528 720 -864 0
w 864 -944 864 -864 0
w 864 -864 720 -864 0
w 896 -944 896 -864 0
w 896 -864 1040 -864 0
w 1040 -864 1040 -528 0
w 1040 -528 992 -528 0
w 768 -560 688 -560 0
w 688 -560 688 -896 0
w 688 -896 832 -896 0
w 832 -944 832 -896 0
w 992 -560 1072 -560 0
w 1072 -560 1072 -896 0
w 1072 -896 928 -896 0
w 928 -944 928 -896 0
w 960 -944 960 -928 0
w 960 -928 1104 -928 0
w 1104 -928 1104 -592 0
w 1104 -592 992 -592 0
w 768 -592 656 -592 0
w 656 -592 656 -928 0
w 656 -928 800 -928 0
w 800 -944 800 -928 0
w 768 -624 624 -624 0
w 624 -624 624 -976 0
w 624 -976 736 -976 0
w 992 -624 1136 -624 0
w 1136 -624 1136 -976 0
w 1024 -976 1136 -976 0
w 992 -656 1168 -656 0
w 1168 -656 1168 -1008 0
w 1168 -1008 1024 -1008 0
w 736 -1008 592 -1008 0
w 592 -1008 592 -656 0
w 768 -656 592 -656 0
w 768 -688 560 -688 0
w 736 -1040 560 -1040 0
w 560 -1040 560 -688 0
w 768 -720 528 -720 0
w 528 -720 528 -1072 0
w 1024 -1040 1200 -1040 0
w 1200 -1040 1200 -688 0
w 1200 -688 992 -688 0
w 992 -720 1232 -720 0
w 1232 -720 1232 -1072 0
w 1232 -1072 1024 -1072 0
L 960 -464 960 -432 0 1 false 5 0
L 800 -464 752 -464 0 1 false 5 0
