$ 1 0.000005 10.20027730826997 50 5 43 5e-11
w -1424 -1360 -1424 -1264 0
w -1168 -1360 -1424 -1360 0
151 -1168 -1328 -1072 -1328 0 4 5 5
w -1168 -1296 -1232 -1296 0
w -1232 -1296 -1232 -1104 0
w -1360 -1344 -1360 -1248 0
w -1296 -1312 -1296 -1216 0
w -1168 -1344 -1360 -1344 0
w -1168 -1312 -1296 -1312 0
151 -1168 -1232 -1072 -1232 0 4 5 5
w -1168 -1264 -1424 -1264 0
w -1424 -1264 -1424 -1168 0
w -1168 -1248 -1360 -1248 0
w -1168 -1216 -1296 -1216 0
w -1168 -1200 -1264 -1200 0
w -1264 -1200 -1264 -1008 0
w -1296 -1216 -1296 -928 0
w -1360 -1248 -1360 -1152 0
151 -1168 -1136 -1072 -1136 0 4 5 5
w -1168 -1168 -1424 -1168 0
w -1168 -1152 -1360 -1152 0
w -1168 -1104 -1232 -1104 0
w -1168 -1120 -1328 -1120 0
w -1424 -1168 -1424 -1072 0
w -1360 -1152 -1360 -1056 0
w -1328 -1120 -1328 -1024 0
w -1232 -1104 -1232 -912 0
151 -1168 -1040 -1072 -1040 0 4 5 5
w -1168 -1072 -1424 -1072 0
w -1168 -1056 -1360 -1056 0
w -1168 -1024 -1328 -1024 0
w -1168 -1008 -1264 -1008 0
w -1424 -1072 -1424 -976 0
w -1360 -1056 -1360 -560 0
w -1328 -1024 -1328 -736 0
w -1264 -1008 -1264 -816 0
151 -1168 -944 -1072 -944 0 4 5 5
w -1168 -976 -1424 -976 0
w -1168 -960 -1392 -960 0
w -1168 -928 -1296 -928 0
w -1168 -912 -1232 -912 0
w -1232 -912 -1232 -784 0
w -1296 -928 -1296 -832 0
w -1392 -960 -1392 -864 0
w -1424 -976 -1424 -880 0
151 -1168 -848 -1072 -848 0 4 5 5
w -1168 -880 -1424 -880 0
w -1168 -864 -1392 -864 0
w -1168 -832 -1296 -832 0
w -1168 -816 -1264 -816 0
w -1296 -832 -1296 -528 0
w -1264 -816 -1264 -688 0
w -1392 -864 -1392 -768 0
w -1424 -880 -1424 -720 0
151 -1168 -752 -1072 -752 0 4 5 5
w -1168 -784 -1232 -784 0
w -1168 -720 -1424 -720 0
w -1424 -720 -1424 -624 0
w -1232 -784 -1232 -416 0
w -1168 -768 -1392 -768 0
w -1168 -736 -1328 -736 0
w -1392 -768 -1392 -640 0
w -1328 -736 -1328 -672 0
151 -1168 -656 -1072 -656 0 4 5 5
w -1168 -688 -1264 -688 0
w -1168 -672 -1328 -672 0
w -1168 -640 -1392 -640 0
w -1168 -624 -1424 -624 0
w -1424 -624 -1424 80 0
w -1392 -640 -1392 -272 0
w -1328 -672 -1328 -432 0
w -1264 -688 -1264 -512 0
x -1130 -650 -1117 -647 4 24 8
151 -1168 -544 -1072 -544 0 4 5 5
w -1168 -576 -1456 -576 0
w -1168 -512 -1264 -512 0
w -1168 -560 -1360 -560 0
w -1168 -528 -1296 -528 0
w -1456 -576 -1456 -480 0
w -1360 -560 -1360 -464 0
w -1296 -528 -1296 -432 0
w -1264 -512 -1264 -336 0
151 -1168 -448 -1072 -448 0 4 5 5
w -1168 -480 -1456 -480 0
w -1456 -480 -1456 -384 0
w -1168 -432 -1328 -432 0
w -1168 -464 -1360 -464 0
w -1360 -464 -1360 -368 0
w -1296 80 -1296 -144 0
w -1328 -432 -1328 -320 0
w -1232 -416 -1232 -224 0
w -1168 -416 -1232 -416 0
151 -1168 -352 -1072 -352 0 4 5 5
w -1168 -384 -1456 -384 0
w -1456 -384 -1456 -288 0
w -1168 -368 -1360 -368 0
w -1360 -368 -1360 80 0
w -1168 -336 -1264 -336 0
w -1168 -320 -1328 -320 0
w -1328 -320 -1328 -48 0
w -1264 -336 -1264 -128 0
151 -1168 -256 -1072 -256 0 4 5 5
x -1130 40 -1117 43 4 24 1
w -1168 -288 -1456 -288 0
w -1168 -272 -1392 -272 0
w -1168 -240 -1296 -240 0
w -1168 -224 -1232 -224 0
w -1232 -224 -1232 -32 0
w -1296 -240 -1296 -432 0
w -1392 -272 -1392 -176 0
w -1456 -288 -1456 -192 0
151 -1168 -160 -1072 -160 0 4 5 5
w -1168 -192 -1456 -192 0
w -1168 -176 -1392 -176 0
w -1168 -144 -1296 -144 0
w -1168 -128 -1264 -128 0
w -1456 -192 -1456 -96 0
w -1392 -176 -1392 -80 0
w -1296 -144 -1296 -240 0
w -1264 -128 -1264 64 0
151 -1168 -64 -1072 -64 0 4 0 5
w -1168 -96 -1456 -96 0
w -1168 -80 -1392 -80 0
w -1168 -48 -1328 -48 0
w -1168 -32 -1232 -32 0
w -1456 -96 -1456 0 0
w -1392 -80 -1392 16 0
w -1328 -48 -1328 48 0
w -1232 -32 -1232 80 0
151 -1168 32 -1072 32 0 4 5 5
w -1168 0 -1456 0 0
w -1168 16 -1392 16 0
w -1168 48 -1328 48 0
w -1168 64 -1264 64 0
w -1456 0 -1456 80 0
w -1392 16 -1392 80 0
w -1328 48 -1328 80 0
w -1264 64 -1264 80 0
150 -976 96 -976 192 0 4 5 5
x -1139 -1323 -1113 -1320 4 24 15
150 -864 96 -864 192 0 5 5 5
w -944 96 -960 -1328 0
w -1072 -1328 -960 -1328 0
w -960 96 -976 -1232 0
w -1072 -1232 -976 -1232 0
w -992 96 -992 -656 0
w -1072 -656 -992 -656 0
w -1008 96 -1008 -256 0
w -1072 -256 -1008 -256 0
w -896 96 -896 -160 0
w -1072 -160 -896 -160 0
w -992 -656 -880 -656 0
w -880 96 -880 -656 0
w -1072 -1040 -864 -1040 0
w -864 96 -864 -1040 0
w -1072 -1136 -848 -1136 0
w -848 96 -848 -1136 0
w -832 96 -832 -1232 0
w -976 -1232 -832 -1232 0
150 -736 96 -736 192 0 6 5 5
w -1072 -544 -784 -544 0
w -784 96 -784 -544 0
w -880 -656 -768 -656 0
w -768 -656 -768 96 0
w -1072 -848 -752 -848 0
w -752 96 -752 -848 0
w -720 96 -720 -944 0
w -1072 -944 -720 -944 0
w -864 -1040 -704 -1040 0
w -704 96 -704 -1040 0
w -832 -1232 -688 -1232 0
w -688 96 -688 -1232 0
150 -608 96 -608 192 0 5 5 5
w -1072 32 -640 32 0
w -640 96 -640 32 0
w -1072 -448 -624 -448 0
w -624 96 -624 -448 0
w -592 96 -592 -656 0
w -768 -656 -592 -656 0
w -576 96 -576 -1232 0
w -688 -1232 -576 -1232 0
150 -496 96 -496 192 0 4 0 5
w -528 96 -528 32 0
w -640 32 -528 32 0
w -1072 -64 -512 -64 0
w -512 96 -512 -64 0
w -1008 -256 -480 -256 0
w -480 96 -480 -256 0
w -848 -1136 -448 -1136 0
w -464 96 -448 -1136 0
150 -368 96 -368 192 0 6 0 5
w -528 32 -416 32 0
w -416 96 -416 32 0
w -512 -64 -400 -64 0
w -400 96 -400 -64 0
w -480 -256 -384 -256 0
w -384 96 -384 -256 0
w -1072 -352 -352 -352 0
w -352 96 -352 -352 0
w -1072 -752 -336 -752 0
w -336 96 -336 -752 0
w -320 96 -320 -848 0
w -752 -848 -320 -848 0
150 -240 96 -240 192 0 4 5 5
w -896 -160 -272 -160 0
w -272 96 -272 -160 0
w -352 -352 -256 -352 0
w -256 96 -256 -352 0
w -720 -944 -608 -944 0
w -224 96 -224 -944 0
w -576 -1232 -192 -1232 0
w -208 96 -192 -1232 0
w -536 640 -536 576 0
162 -536 576 -536 552 2 default-led 1 0 0 0.01
162 -536 552 -536 528 2 default-led 1 0 0 0.01
162 -536 528 -536 504 2 default-led 1 0 0 0.01
162 -656 528 -656 504 2 default-led 1 0 0 0.01
162 -656 552 -656 528 2 default-led 1 0 0 0.01
162 -632 576 -608 576 2 default-led 1 0 0 0.01
162 -608 576 -584 576 2 default-led 1 0 0 0.01
162 -584 576 -560 576 2 default-led 1 0 0 0.01
162 -584 488 -560 488 2 default-led 1 0 0 0.01
162 -608 488 -584 488 2 default-led 1 0 0 0.01
162 -632 488 -608 488 2 default-led 1 0 0 0.01
162 -536 408 -536 432 2 default-led 1 0 0 0.01
162 -536 432 -536 456 2 default-led 1 0 0 0.01
162 -536 456 -536 480 2 default-led 1 0 0 0.01
162 -656 456 -656 480 2 default-led 1 0 0 0.01
162 -656 432 -656 456 2 default-led 1 0 0 0.01
162 -560 400 -584 400 2 default-led 1 0 0 0.01
162 -584 400 -608 400 2 default-led 1 0 0 0.01
162 -608 400 -632 400 2 default-led 1 0 0 0.01
g -560 576 -560 624 0 0
w -656 576 -656 672 0
w -632 672 -448 672 0
w -632 640 -632 672 0
w -536 640 -496 640 0
w -528 352 -536 408 0
w -560 576 -560 504 0
w -560 488 -560 448 0
w -632 448 -560 448 0
w -632 400 -632 448 0
w -560 504 -560 488 0
w -656 504 -560 504 0
w -656 504 -656 480 0
w -632 576 -632 640 0
w -656 408 -656 352 0
w -688 416 -688 336 0
w -632 416 -688 416 0
w -632 488 -632 416 0
w -536 488 -536 480 0
w -536 504 -536 488 0
w -560 488 -536 488 0
162 -656 576 -656 552 2 default-led 1 0 0 0.01
162 -656 408 -656 432 2 default-led 1 0 0 0.01
I -1424 144 -1424 80 0 0.5 5
I -1296 144 -1296 80 0 0.5 5
I -1232 144 -1232 80 0 0.5 5
I -1360 144 -1360 80 0 0.5 5
w -1264 80 -1264 144 0
w -1328 80 -1328 144 0
w -1392 80 -1392 144 0
w -1456 80 -1456 144 0
w -1232 144 -1264 144 0
w -1296 144 -1328 144 0
w -1360 144 -1392 144 0
w -1424 144 -1456 144 0
w -240 192 -240 400 0
w -560 400 -240 400 0
w -368 192 -368 352 0
w -528 352 -368 352 0
w -496 192 -496 640 0
w -608 192 -448 192 0
w -448 192 -448 672 0
w -448 672 -448 672 0
w -736 192 -736 688 0
w -656 688 -736 688 0
w -656 672 -656 688 0
w -864 192 -656 192 0
w -656 336 -656 192 0
w -656 352 -656 336 0
w -688 336 -976 336 0
w -976 192 -976 336 0
w -688 336 -688 336 0
w -608 96 -608 -944 0
w -608 -944 -224 -944 0
L -3632 816 -3712 816 0 1 false 5 0
w -3072 816 -2512 816 0
w -2512 816 -1952 816 0
w -3632 816 -3072 816 0
w -1952 608 -1952 816 0
w -2512 624 -2512 816 0
w -3072 640 -3072 816 0
w -3632 672 -3632 816 0
w -1904 688 -1904 592 0
w -1552 688 -1904 688 0
w -1552 560 -1552 688 0
w -1952 608 -1904 608 0
w -1920 464 -1920 576 0
w -1904 464 -1920 464 0
w -1920 576 -1904 576 0
w -1920 656 -1920 576 0
w -1904 384 -1904 448 0
w -1552 384 -1904 384 0
w -1552 480 -1552 384 0
151 -1904 592 -1792 592 0 3 0 5
w -1952 432 -1904 432 0
I -1920 656 -1664 656 0 0.5 5
151 -1904 448 -1792 448 0 3 5 5
w -1696 496 -1792 544 0
w -1696 496 -1696 464 0
w -1696 544 -1792 496 0
w -1696 544 -1696 576 0
w -1792 560 -1792 544 0
w -1792 480 -1792 496 0
w -1696 608 -1664 608 0
w -1696 576 -1696 608 0
w -1696 432 -1696 464 0
w -1664 432 -1696 432 0
151 -1792 576 -1696 576 0 2 5 5
151 -1792 464 -1696 464 0 2 0 5
w -1664 576 -1664 656 0
w -1664 464 -1664 576 0
151 -1664 592 -1552 592 0 2 5 5
151 -1664 448 -1552 448 0 2 5 5
w -1456 496 -1552 544 0
w -1456 464 -1456 496 0
w -1456 544 -1552 496 0
w -1456 544 -1456 576 0
w -1552 480 -1552 496 0
w -1552 544 -1552 560 0
151 -1552 576 -1456 576 0 2 0 5
151 -1552 464 -1456 464 0 2 5 5
w -2016 480 -1984 480 0
w -1984 480 -1984 656 0
w -1920 656 -1984 656 0
w -1952 432 -1952 608 0
w -1456 464 -1456 144 0
w -2016 288 -1392 288 0
w -2016 480 -2016 288 0
w -2512 448 -2512 624 0
w -3072 464 -3072 640 0
w -2480 672 -2544 672 0
w -3632 496 -3632 672 0
w -2544 496 -2544 672 0
w -2576 496 -2544 496 0
151 -2112 480 -2016 480 0 2 5 5
151 -2112 592 -2016 592 0 2 0 5
w -2112 560 -2112 576 0
w -2112 496 -2112 512 0
w -2016 560 -2016 592 0
w -2016 560 -2112 512 0
w -2016 480 -2016 512 0
w -2016 512 -2112 560 0
151 -2224 464 -2112 464 0 2 5 5
151 -2224 608 -2112 608 0 2 5 5
w -2224 480 -2224 592 0
w -2224 592 -2224 672 0
151 -2352 480 -2256 480 0 2 0 5
151 -2352 592 -2256 592 0 2 5 5
w -2224 448 -2256 448 0
w -2256 448 -2256 480 0
w -2256 592 -2256 624 0
w -2256 624 -2224 624 0
w -2352 496 -2352 512 0
w -2352 576 -2352 560 0
w -2256 560 -2256 592 0
w -2256 560 -2352 512 0
w -2256 512 -2256 480 0
w -2256 512 -2352 560 0
151 -2464 464 -2352 464 0 3 5 5
I -2480 672 -2224 672 0 0.5 5
w -2512 448 -2464 448 0
151 -2464 608 -2352 608 0 3 0 5
w -2112 496 -2112 400 0
w -2112 400 -2464 400 0
w -2464 400 -2464 464 0
w -2480 672 -2480 592 0
w -2480 592 -2464 592 0
w -2464 480 -2480 480 0
w -2480 480 -2480 592 0
w -2512 624 -2464 624 0
w -2112 576 -2112 704 0
w -2112 704 -2464 704 0
w -2464 704 -2464 608 0
w -2576 320 -1328 320 0
w -2576 496 -2576 320 0
w -3136 368 -1264 352 0
w -3136 528 -3136 368 0
w -3104 528 -3136 528 0
w -3104 688 -3104 528 0
w -3040 688 -3104 688 0
151 -2672 496 -2576 496 0 2 5 5
151 -2672 608 -2576 608 0 2 0 5
w -2672 576 -2672 592 0
w -2672 512 -2672 528 0
w -2576 576 -2576 608 0
w -2576 576 -2672 528 0
w -2576 496 -2576 528 0
w -2576 528 -2672 576 0
151 -2784 480 -2672 480 0 2 0 5
151 -2784 624 -2672 624 0 2 5 5
w -2784 496 -2784 608 0
w -2784 608 -2784 688 0
151 -2912 496 -2816 496 0 2 5 5
151 -2912 608 -2816 608 0 2 0 5
w -2784 464 -2816 464 0
w -2816 464 -2816 496 0
w -2816 608 -2816 640 0
w -2816 640 -2784 640 0
w -2912 512 -2912 528 0
w -2912 592 -2912 576 0
w -2816 576 -2816 608 0
w -2816 576 -2912 528 0
w -2816 528 -2816 496 0
w -2816 528 -2912 576 0
151 -3024 480 -2912 480 0 3 5 5
I -3040 688 -2784 688 0 0.5 5
w -3072 464 -3024 464 0
151 -3024 624 -2912 624 0 3 5 5
w -2672 512 -2672 416 0
w -2672 416 -3024 416 0
w -3024 416 -3024 480 0
w -3040 688 -3040 608 0
w -3040 608 -3024 608 0
w -3024 496 -3040 496 0
w -3040 496 -3040 608 0
w -3072 640 -3024 640 0
w -2672 592 -2672 720 0
w -2672 720 -3024 720 0
w -3024 720 -3024 624 0
w -3584 752 -3584 656 0
w -3232 752 -3584 752 0
w -3232 624 -3232 752 0
w -3632 672 -3584 672 0
w -3600 528 -3600 640 0
w -3584 528 -3600 528 0
w -3600 640 -3584 640 0
w -3600 720 -3600 640 0
w -3584 448 -3584 512 0
w -3232 448 -3584 448 0
w -3232 544 -3232 448 0
151 -3584 656 -3472 656 0 3 5 5
R -3600 720 -3632 720 1 2 120 2.5 2.5 0 0.5
w -3632 496 -3584 496 0
I -3600 720 -3344 720 0 0.5 5
151 -3584 512 -3472 512 0 3 0 5
w -3376 560 -3472 608 0
w -3376 560 -3376 528 0
w -3376 608 -3472 560 0
w -3376 608 -3376 640 0
w -3472 624 -3472 608 0
w -3472 544 -3472 560 0
w -3376 672 -3344 672 0
w -3376 640 -3376 672 0
w -3376 496 -3376 528 0
w -3344 496 -3376 496 0
151 -3472 640 -3376 640 0 2 0 5
151 -3472 528 -3376 528 0 2 5 5
w -3344 640 -3344 720 0
w -3344 528 -3344 640 0
151 -3344 656 -3232 656 0 2 5 5
151 -3344 512 -3232 512 0 2 5 5
w -3136 560 -3232 608 0
w -3136 528 -3136 560 0
w -3136 608 -3232 560 0
w -3136 608 -3136 640 0
w -3232 544 -3232 560 0
w -3232 608 -3232 624 0
151 -3232 640 -3136 640 0 2 5 5
151 -3232 528 -3136 528 0 2 0 5
w -1264 144 -1264 352 0
w -1328 144 -1328 320 0
w -1392 288 -1392 144 0
