$ 1 0.000005 0.9487735836358526 50 5 43 5e-11
157 -304 -224 -272 -224 0 7 0 0
197 -432 -224 -416 -224 0
w -240 -96 -304 -96 0
w -208 -96 -208 -64 0
w -208 -64 -304 -64 0
w -176 -96 -176 -32 0
w -176 -32 -304 -32 0
L -432 -224 -496 -224 0 1 false 5 0
L -432 -192 -496 -192 0 0 false 5 0
L -432 -160 -496 -160 0 0 false 5 0
L -432 -128 -496 -128 0 1 false 5 0
157 144 -240 176 -240 1024 7 0 0
207 -304 -224 -304 -240 4 a1
207 -304 -192 -304 -208 4 b1
207 -304 -160 -304 -176 4 c1
207 -304 -128 -304 -144 4 d1
207 -304 -96 -304 -112 4 e1
207 -304 -64 -304 -80 4 f1
207 -304 -32 -304 -48 4 g1
w 144 -48 16 -48 0
w 144 -112 144 -48 0
w 112 -80 16 -80 0
w 112 -112 112 -80 0
w 80 -112 16 -112 0
197 -112 -240 -96 -240 0
157 16 -240 48 -240 0 7 0 0
207 -432 -224 -432 -208 5 e3
207 -432 -192 -432 -176 5 e2
207 -432 -128 -432 -112 5 e0
207 -432 -160 -432 -144 5 e
207 -112 -144 -112 -128 4 e3
197 304 -240 320 -240 1024
w 304 -112 240 -112 0
w 208 -112 208 -80 0
w 208 -80 304 -80 0
w 176 -112 176 -48 0
w 176 -48 304 -48 0
207 672 -176 704 -176 5 e3
207 672 -208 704 -208 5 e2
207 672 -144 704 -144 5 e0
207 672 -240 704 -240 5 e
207 432 -208 464 -208 5 i1
207 432 -240 464 -240 5 i0
207 432 -176 464 -176 5 i2
207 432 -144 464 -144 5 i3
207 576 -240 544 -240 5 i3
207 576 -208 544 -208 5 i2
207 576 -176 544 -176 5 i1
. HEXAAAAA 0 2 4 7 A 17 0 2 B 9 1 2 C 11 2 2 E0 5 3 3 E1 3 0 3 E2 1 1 3 E3 7 2 3 InverterElm\s1\s2\rInverterElm\s3\s4\rInverterElm\s5\s6\rInverterElm\s7\s8\rAndGateElm\s5\s7\s17\rAndGateElm\s1\s4\s9\rAndGateElm\s3\s7\s1\s11 0\\s0.5\\s5\s0\\s0.5\\s5\s0\\s0.5\\s5\s0\\s0.5\\s5\s0\\s2\\s0\\s5\s0\\s2\\s0\\s5\s0\\s3\\s0\\s5
410 800 288 848 336 1 HEXAAAAA 0\s0.5\s5 0\s0.5\s5 0\s0.5\s5 0\s0.5\s5 0\s2\s0\s5 0\s2\s0\s5 0\s3\s0\s5
410 576 -240 624 -192 1 HEXAAAAA 0\s0.5\s5 0\s0.5\s5 0\s0.5\s5 0\s0.5\s5 0\s2\s5\s5 0\s2\s0\s5 0\s3\s0\s5
